402
0 27 183
0 28 212
0 111 209
0 125 214
0 126 192
0 147 199
0 149 185
0 168 197
0 174 189
0 176 196
0 182 204
0 183 210
0 195 183
0 208 197
0 226 187
0 236 184
0 260 187
0 289 216
0 297 207
0 302 189
0 336 193
0 341 181
0 372 185
0 374 186
0 383 182
1 23 186
1 52 183
1 67 207
1 77 206
1 125 199
1 139 194
1 143 203
1 146 189
1 186 220
1 193 205
1 221 192
1 223 200
1 266 184
1 270 210
1 279 183
1 294 219
1 319 181
1 364 221
1 383 208
2 31 202
2 40 215
2 100 207
2 130 190
2 133 197
2 141 184
2 165 190
2 170 194
2 210 197
2 219 187
2 225 219
2 232 209
2 260 182
2 297 192
2 330 204
2 333 181
2 343 211
2 360 202
2 373 214
3 36 187
3 38 184
3 64 216
3 81 198
3 106 189
3 113 189
3 123 213
3 141 180
3 257 184
3 279 211
3 288 204
3 306 217
3 317 203
3 336 201
3 348 198
3 364 196
3 368 211
3 386 183
3 388 197
3 398 191
3 401 216
4 16 197
4 28 185
4 42 209
4 89 212
4 118 197
4 163 203
4 166 202
4 185 187
4 203 209
4 207 180
4 216 183
4 249 195
4 252 211
4 259 213
4 294 203
4 312 191
4 331 214
4 366 216
4 394 198
4 399 203
5 12 193
5 23 206
5 35 196
5 54 199
5 64 198
5 115 208
5 121 203
5 132 191
5 142 190
5 233 208
5 256 214
5 272 221
5 273 211
5 275 212
5 276 203
5 283 212
5 295 199
5 310 212
5 320 180
5 352 205
5 353 191
5 391 215
5 395 197
6 31 187
6 38 211
6 58 195
6 90 185
6 94 216
6 105 217
6 132 213
6 158 187
6 175 194
6 179 209
6 187 218
6 202 188
6 218 207
6 285 181
6 291 183
6 294 203
6 316 213
6 340 218
6 346 216
6 366 219
6 378 218
6 384 204
7 25 210
7 33 184
7 53 197
7 58 186
7 61 205
7 66 181
7 82 198
7 100 183
7 113 217
7 135 217
7 146 216
7 147 214
7 164 186
7 170 195
7 181 220
7 193 205
7 210 207
7 229 215
7 231 206
7 297 220
7 318 193
7 330 196
7 336 219
7 360 203
7 363 188
7 371 185
7 386 192
7 387 213
8 27 181
8 39 181
8 44 184
8 62 194
8 147 218
8 168 219
8 216 203
8 223 209
8 256 187
8 300 204
8 344 182
8 349 202
8 359 201
8 371 181
8 378 193
9 7 221
9 19 201
9 22 186
9 103 189
9 107 220
9 120 199
9 156 219
9 230 201
9 234 182
9 241 216
9 242 221
9 248 206
9 297 202
9 299 200
9 344 197
9 355 183
10 34 189
10 50 205
10 114 193
10 120 182
10 136 198
10 148 208
10 158 197
10 160 216
10 194 189
10 258 221
10 264 218
10 269 192
10 290 180
10 313 189
10 320 204
10 325 184
10 341 220
10 355 221
10 398 200
11 7 198
11 10 191
11 53 203
11 84 199
11 101 184
11 137 195
11 148 217
11 149 197
11 162 215
11 163 184
11 187 201
11 216 189
11 219 204
11 250 213
11 257 198
11 275 214
11 317 191
11 348 221
11 375 220
11 378 193
12 16 208
12 30 213
12 43 201
12 84 217
12 128 194
12 142 218
12 151 212
12 184 186
12 242 207
12 257 214
12 258 198
12 273 183
12 288 214
12 342 194
12 343 205
12 352 218
12 375 203
12 396 195
13 10 213
13 30 208
13 65 209
13 79 196
13 83 200
13 84 209
13 95 182
13 102 184
13 144 217
13 149 210
13 179 212
13 198 215
13 210 194
13 215 183
13 220 192
13 268 197
13 290 205
13 315 215
13 347 205
13 355 193
13 357 193
14 4 186
14 30 183
14 50 218
14 70 216
14 88 187
14 111 198
14 115 190
14 159 180
14 196 214
14 199 190
14 207 200
14 320 181
14 343 191
14 344 217
14 370 207
14 374 209
14 376 182
14 391 182
15 1 208
15 60 214
15 67 211
15 71 188
15 77 184
15 84 207
15 91 203
15 95 199
15 96 183
15 97 190
15 109 210
15 124 188
15 170 209
15 179 218
15 210 219
15 265 206
15 298 212
15 326 219
15 336 202
15 342 211
15 355 217
15 400 221
16 3 215
16 39 183
16 52 213
16 54 194
16 57 215
16 58 204
16 82 203
16 115 191
16 165 183
16 187 186
16 189 206
16 221 218
16 225 204
16 254 215
16 278 186
16 279 221
16 296 182
16 319 185
16 343 186
16 350 183
16 380 196
16 389 202
16 401 198
17 20 212
17 23 196
17 28 213
17 32 216
17 86 198
17 157 201
17 178 218
17 207 207
17 208 200
17 211 202
17 222 208
17 289 203
17 340 185
17 345 202
17 352 200
17 364 191
17 368 203
18 1 216
18 11 206
18 75 185
18 81 199
18 83 185
18 91 215
18 99 208
18 125 192
18 126 199
18 154 204
18 155 211
18 175 196
18 201 199
18 226 202
18 250 200
18 286 197
18 299 195
18 336 201
18 339 206
18 379 216
18 388 215
19 27 180
19 39 186
19 41 212
19 79 207
19 88 200
19 106 217
19 121 219
19 160 202
19 166 221
19 172 197
19 207 192
19 224 185
19 234 188
19 241 216
19 277 186
19 280 184
19 297 187
19 302 211
19 354 218
19 394 203
20 6 195
20 16 188
20 41 215
20 42 192
20 66 212
20 69 204
20 70 185
20 77 193
20 80 184
20 89 200
20 95 200
20 122 189
20 126 187
20 153 195
20 181 195
20 222 197
20 240 215
20 244 193
20 251 200
20 262 180
20 279 199
20 291 181
20 292 218
20 309 194
20 352 211
20 353 185
20 355 184
20 371 195
20 379 198
20 397 211
21 5 204
21 6 182
21 11 197
21 54 212
21 71 192
21 85 212
21 150 190
21 169 207
21 240 190
21 243 186
21 273 197
21 283 195
21 305 198
21 316 192
21 324 198
21 372 180
21 375 193
21 376 186
22 11 221
22 53 185
22 102 219
22 115 210
22 116 183
22 126 196
22 148 208
22 157 194
22 163 187
22 179 211
22 199 208
22 206 196
22 221 188
22 236 195
22 245 204
22 270 214
22 277 221
22 307 180
22 309 192
22 329 215
22 331 214
22 338 187
22 349 213
22 359 214
23 4 195
23 40 180
23 46 201
23 63 197
23 89 202
23 148 187
23 178 219
23 216 202
23 266 188
23 284 192
23 286 217
23 289 208
23 314 190
23 339 221
23 358 206
23 363 215
23 376 193
24 1 221
24 15 209
24 62 201
24 102 187
24 141 187
24 145 203
24 152 197
24 169 213
24 190 183
24 195 216
24 205 190
24 255 185
24 263 191
24 274 189
24 277 219
24 278 215
24 282 180
24 296 213
24 324 206
24 344 215
24 354 220
24 368 182
24 372 186
24 396 200
25 29 205
25 31 192
25 35 184
25 59 211
25 77 196
25 107 218
25 149 206
25 160 180
25 169 214
25 170 217
25 176 202
25 188 215
25 193 185
25 200 217
25 204 184
25 206 210
25 215 221
25 228 213
25 234 204
25 254 187
25 262 216
25 264 213
25 276 218
25 294 189
25 298 213
25 309 218
25 314 187
25 323 198
25 333 217
25 350 214
25 359 197
25 368 195
25 373 187
25 377 193
26 9 193
26 23 191
26 30 195
26 108 221
26 112 180
26 115 198
26 161 182
26 195 181
26 208 183
26 238 186
26 243 197
26 247 206
26 304 192
26 305 194
26 365 218
26 381 214
27 0 213
27 5 187
27 13 214
27 31 181
27 35 208
27 62 195
27 64 182
27 74 197
27 79 220
27 90 203
27 92 209
27 109 213
27 124 196
27 154 195
27 155 200
27 170 197
27 190 218
27 204 194
27 246 201
27 248 186
27 253 186
27 274 187
27 282 208
27 295 202
27 298 197
27 327 214
27 333 184
27 363 183
27 371 188
27 393 194
28 46 184
28 96 212
28 112 183
28 136 208
28 137 198
28 195 206
28 200 207
28 203 203
28 206 216
28 211 190
28 237 213
28 303 216
28 329 192
28 349 204
28 379 213
28 385 185
28 399 213
28 400 211
29 6 197
29 14 199
29 32 202
29 39 221
29 44 201
29 112 197
29 174 221
29 181 208
29 200 219
29 219 182
29 222 193
29 227 198
29 233 205
29 311 184
29 329 208
29 390 209
30 7 205
30 15 197
30 38 218
30 46 187
30 66 197
30 93 199
30 125 214
30 128 198
30 134 181
30 140 211
30 159 193
30 170 215
30 174 216
30 176 212
30 183 203
30 189 199
30 221 184
30 228 220
30 241 181
30 251 204
30 274 215
30 281 207
30 290 216
30 308 209
30 312 213
30 375 198
30 400 219
31 10 221
31 24 192
31 29 219
31 55 212
31 58 212
31 63 213
31 70 193
31 74 197
31 83 180
31 128 221
31 146 218
31 151 198
31 170 201
31 200 180
31 220 191
31 226 203
31 260 194
31 268 219
31 303 215
31 306 210
31 340 184
31 360 200
31 399 212
31 400 189
32 10 184
32 14 189
32 16 191
32 23 199
32 35 181
32 45 201
32 65 214
32 78 208
32 99 219
32 102 205
32 108 205
32 111 193
32 134 187
32 139 214
32 155 194
32 166 215
32 177 197
32 180 201
32 184 214
32 202 195
32 208 184
32 223 189
32 226 206
32 235 182
32 241 202
32 244 184
32 271 205
32 275 180
32 298 203
32 310 200
32 322 195
32 324 205
32 333 192
32 383 217
32 392 212
33 1 200
33 18 199
33 24 185
33 26 209
33 68 202
33 77 189
33 107 211
33 114 212
33 117 211
33 133 192
33 226 197
33 232 180
33 251 209
33 252 201
33 274 182
33 300 188
33 304 213
33 309 195
33 317 218
33 320 198
33 330 199
33 345 219
33 363 217
33 366 202
34 23 191
34 49 221
34 53 212
34 54 189
34 56 181
34 68 221
34 100 216
34 114 189
34 120 204
34 135 215
34 145 201
34 186 211
34 199 186
34 224 217
34 245 200
34 253 181
34 262 200
34 264 195
34 270 184
34 295 208
34 299 190
34 326 211
34 356 205
34 364 205
34 384 201
35 45 218
35 62 189
35 94 181
35 107 208
35 108 216
35 123 195
35 179 212
35 185 194
35 191 199
35 205 180
35 223 183
35 229 181
35 238 204
35 239 214
35 251 198
35 277 191
35 300 217
35 303 188
35 304 211
35 305 195
35 387 220
35 390 216
36 43 192
36 79 205
36 104 183
36 105 202
36 135 191
36 292 217
36 329 200
36 381 195
37 20 191
37 38 188
37 58 214
37 60 204
37 72 187
37 87 199
37 89 205
37 97 207
37 103 189
37 156 189
37 158 212
37 190 192
37 195 184
37 199 213
37 216 212
37 231 191
37 236 186
37 269 180
37 270 217
37 277 181
37 330 210
37 332 201
37 335 195
37 348 193
37 364 219
37 368 204
37 401 213
38 15 195
38 18 210
38 21 189
38 47 188
38 77 202
38 78 202
38 93 186
38 94 210
38 108 212
38 128 199
38 135 216
38 143 190
38 156 219
38 176 186
38 178 186
38 185 180
38 209 197
38 220 196
38 233 217
38 235 210
38 261 221
38 274 190
38 286 189
38 325 182
38 335 205
38 339 199
38 373 182
38 394 193
39 1 219
39 37 206
39 52 184
39 75 201
39 88 182
39 102 183
39 109 201
39 135 192
39 166 182
39 168 221
39 177 181
39 229 182
39 230 181
39 234 182
39 238 208
39 244 192
39 247 221
39 271 186
39 280 188
39 285 212
39 297 187
39 341 185
39 362 201
39 398 188
40 0 211
40 17 212
40 29 210
40 39 203
40 44 197
40 80 219
40 115 216
40 118 198
40 131 185
40 143 204
40 150 194
40 169 207
40 177 209
40 210 219
40 222 204
40 232 191
40 244 183
40 258 219
40 264 194
40 270 183
40 294 203
40 308 218
40 330 211
40 340 219
40 348 195
40 352 193
40 359 196
40 383 206
41 3 213
41 7 221
41 18 197
41 46 201
41 49 195
41 60 214
41 67 185
41 82 209
41 154 219
41 159 221
41 164 180
41 166 202
41 183 200
41 185 202
41 210 185
41 229 206
41 291 218
41 296 199
41 319 221
41 345 192
41 354 221
42 33 202
42 34 202
42 35 181
42 36 187
42 50 195
42 54 193
42 102 183
42 112 197
42 138 206
42 147 200
42 148 212
42 153 209
42 175 219
42 205 203
42 234 190
42 243 194
42 263 188
42 283 184
42 298 181
42 315 215
42 331 216
42 337 206
42 365 191
42 374 190
43 10 191
43 47 219
43 82 198
43 102 220
43 189 218
43 198 209
43 225 181
43 248 197
43 251 212
43 293 213
43 306 185
43 341 184
43 357 193
43 367 217
43 377 182
44 21 210
44 30 201
44 34 201
44 50 218
44 61 192
44 85 197
44 92 180
44 131 219
44 144 183
44 154 205
44 167 200
44 174 200
44 183 219
44 197 212
44 199 184
44 208 197
44 219 204
44 225 218
44 256 203
44 260 190
44 302 213
44 307 207
44 338 183
44 340 213
44 345 188
44 355 207
44 380 181
44 396 188
44 401 202
45 86 199
45 108 206
45 117 207
45 128 194
45 282 192
45 292 191
45 306 182
45 332 211
45 337 204
45 369 186
46 21 201
46 28 198
46 34 212
46 45 200
46 57 189
46 88 210
46 89 207
46 108 188
46 123 220
46 143 180
46 170 192
46 204 205
46 241 198
46 245 199
46 252 200
46 265 181
46 290 201
46 300 215
46 328 199
46 332 212
46 338 182
46 340 204
46 367 184
46 381 180
47 31 211
47 60 191
47 69 188
47 82 202
47 95 200
47 140 214
47 156 218
47 225 193
47 253 211
47 292 193
47 326 218
47 328 200
47 336 218
47 338 199
47 343 213
48 9 188
48 12 184
48 23 207
48 29 183
48 39 185
48 42 201
48 44 210
48 96 183
48 157 193
48 163 214
48 181 214
48 209 218
48 252 185
48 304 182
48 361 205
48 362 220
48 391 184
49 25 208
49 126 184
49 182 214
49 218 209
49 239 193
49 257 205
49 328 187
49 364 194
49 389 181
49 396 204
50 12 205
50 19 208
50 27 189
50 43 193
50 74 212
50 79 201
50 97 221
50 110 214
50 118 221
50 121 197
50 177 203
50 189 183
50 191 213
50 214 207
50 220 191
50 227 193
50 256 212
50 272 201
50 279 215
50 280 217
50 289 212
50 296 190
50 298 188
50 299 195
50 307 220
50 347 221
50 372 194
51 1 215
51 28 200
51 60 193
51 101 208
51 102 186
51 119 188
51 123 192
51 124 182
51 168 201
51 174 192
51 190 188
51 201 196
51 216 187
51 224 196
51 284 198
51 286 196
51 295 190
51 359 186
51 366 201
51 391 200
51 395 193
52 16 221
52 34 213
52 67 211
52 76 196
52 79 207
52 84 207
52 120 197
52 132 209
52 133 220
52 155 219
52 186 213
52 208 217
52 218 198
52 219 187
52 295 188
52 322 199
52 327 196
52 362 198
52 389 202
52 398 205
53 22 193
53 27 190
53 37 203
53 43 196
53 117 182
53 120 218
53 148 203
53 154 221
53 168 185
53 190 200
53 212 216
53 223 207
53 253 184
53 277 207
53 278 202
53 335 207
53 341 182
53 382 191
53 384 199
53 396 191
54 4 206
54 12 198
54 29 197
54 30 216
54 37 189
54 76 205
54 86 202
54 105 218
54 113 180
54 114 219
54 123 196
54 141 204
54 142 193
54 162 189
54 163 186
54 195 197
54 208 207
54 213 207
54 214 213
54 229 210
54 252 202
54 253 199
54 255 208
54 293 181
54 323 195
54 358 182
54 361 195
54 362 210
54 394 198
55 8 192
55 26 185
55 30 213
55 40 193
55 42 186
55 54 197
55 79 211
55 89 215
55 101 182
55 142 190
55 154 194
55 166 182
55 212 221
55 215 217
55 232 205
55 244 219
55 261 203
55 294 196
55 299 212
55 316 201
55 366 207
56 16 210
56 23 181
56 36 215
56 73 180
56 117 198
56 134 201
56 157 204
56 188 196
56 201 205
56 212 180
56 225 210
56 231 208
56 277 192
56 280 220
56 294 202
56 324 215
56 331 214
56 334 215
57 31 188
57 107 216
57 110 187
57 130 210
57 155 211
57 169 197
57 182 189
57 194 188
57 198 186
57 216 194
57 235 218
57 241 208
57 269 196
57 298 193
57 317 203
57 357 205
57 391 189
58 5 181
58 36 189
58 56 201
58 105 186
58 123 188
58 154 207
58 172 185
58 242 187
58 256 195
58 258 220
58 271 217
58 311 205
58 312 190
58 353 200
58 358 193
59 18 220
59 36 184
59 72 205
59 77 215
59 80 195
59 81 221
59 83 221
59 94 218
59 101 209
59 106 183
59 111 187
59 148 211
59 162 213
59 169 184
59 176 180
59 192 214
59 199 221
59 227 186
59 231 203
59 245 207
59 277 200
59 298 184
59 310 199
59 314 183
59 319 204
59 335 219
59 337 219
59 364 183
59 396 201
60 5 191
60 15 195
60 25 188
60 29 195
60 31 201
60 64 181
60 72 208
60 73 211
60 95 205
60 98 204
60 107 211
60 111 211
60 144 181
60 165 197
60 174 187
60 177 193
60 179 180
60 221 195
60 237 201
60 239 190
60 248 185
60 266 214
60 274 182
60 290 180
60 301 205
60 314 184
60 319 219
60 335 189
60 344 219
60 356 210
61 17 221
61 25 212
61 29 182
61 65 206
61 71 183
61 72 204
61 78 188
61 92 197
61 99 215
61 113 197
61 117 187
61 134 183
61 152 192
61 155 202
61 168 208
61 187 205
61 188 194
61 189 221
61 204 208
61 226 190
61 232 196
61 248 200
61 268 206
61 280 201
61 292 220
61 293 216
61 305 217
61 370 206
61 389 190
61 392 198
62 21 207
62 31 206
62 74 200
62 83 182
62 94 217
62 102 180
62 112 205
62 154 189
62 181 216
62 183 217
62 185 196
62 230 197
62 240 192
62 244 217
62 274 191
62 310 216
62 315 188
62 331 192
62 361 190
62 371 216
63 42 195
63 92 207
63 108 182
63 111 211
63 121 187
63 126 205
63 132 217
63 135 215
63 159 198
63 175 207
63 200 185
63 216 212
63 218 180
63 223 195
63 229 213
63 248 215
63 275 180
63 285 221
63 294 192
63 307 209
63 316 187
63 351 191
64 14 205
64 15 203
64 34 196
64 57 196
64 60 204
64 65 213
64 86 197
64 148 195
64 153 189
64 158 219
64 188 182
64 229 180
64 230 188
64 235 185
64 242 192
64 249 220
64 257 186
64 271 216
64 282 193
64 288 194
64 299 186
64 332 188
64 335 185
64 349 220
64 365 210
64 384 221
65 57 187
65 87 188
65 102 201
65 111 221
65 153 182
65 173 183
65 176 214
65 177 212
65 178 204
65 179 185
65 192 220
65 233 183
65 259 216
65 260 207
65 282 218
65 346 206
65 355 188
65 381 190
65 382 204
65 399 208
66 36 213
66 43 187
66 80 198
66 93 198
66 97 192
66 119 180
66 123 194
66 133 209
66 149 183
66 165 203
66 185 205
66 191 184
66 219 181
66 223 190
66 271 196
66 294 198
66 328 189
66 363 180
66 393 205
67 3 201
67 28 213
67 83 213
67 98 193
67 104 182
67 106 193
67 113 184
67 115 198
67 122 190
67 124 191
67 180 190
67 195 192
67 196 187
67 233 200
67 243 209
67 245 187
67 268 215
67 274 197
67 285 216
67 286 219
67 314 201
67 319 215
67 348 198
67 365 206
67 385 215
67 398 201
68 12 205
68 45 212
68 59 191
68 64 203
68 91 204
68 118 210
68 139 187
68 200 200
68 273 204
68 277 219
68 279 220
68 287 199
68 289 182
68 318 192
68 366 220
68 376 186
68 392 216
69 12 210
69 18 190
69 28 182
69 42 195
69 102 188
69 111 207
69 147 209
69 181 221
69 198 215
69 203 197
69 256 195
69 276 202
69 293 197
69 297 211
69 354 202
70 2 217
70 83 199
70 107 208
70 135 216
70 188 192
70 253 191
70 285 184
70 287 198
70 329 218
70 349 212
70 373 219
70 392 219
71 11 206
71 48 190
71 67 214
71 74 202
71 88 191
71 89 189
71 91 183
71 93 200
71 94 182
71 111 186
71 164 220
71 176 200
71 198 190
71 262 180
71 285 188
71 293 181
71 308 194
71 314 186
71 329 199
71 352 187
71 382 217
72 10 199
72 42 212
72 51 209
72 62 192
72 130 198
72 138 215
72 165 211
72 185 190
72 195 204
72 216 188
72 244 221
72 246 216
72 248 204
72 282 185
72 336 221
72 341 189
72 350 202
72 356 219
72 369 185
72 378 215
72 385 189
73 3 193
73 60 181
73 76 202
73 99 209
73 100 192
73 101 215
73 106 197
73 114 189
73 126 184
73 131 200
73 142 211
73 178 211
73 191 204
73 212 189
73 270 221
73 273 191
73 277 184
73 284 216
73 286 219
73 310 204
73 379 192
73 391 198
74 14 209
74 15 205
74 31 216
74 47 217
74 64 188
74 68 191
74 76 190
74 81 192
74 89 182
74 91 186
74 95 217
74 124 198
74 253 196
74 271 182
74 278 192
74 283 198
74 288 220
74 292 190
74 300 185
74 322 218
74 344 207
74 351 183
74 364 180
74 369 220
74 385 186
75 17 209
75 85 190
75 101 190
75 107 220
75 115 209
75 119 212
75 142 182
75 153 211
75 209 187
75 231 189
75 249 208
75 267 220
75 312 192
75 328 198
75 334 211
75 365 220
75 393 186
76 13 193
76 46 201
76 55 183
76 111 196
76 120 216
76 135 200
76 143 198
76 175 192
76 228 214
76 241 181
76 257 205
76 264 187
76 268 212
76 297 195
76 305 196
76 306 211
76 338 181
76 346 198
76 357 192
76 382 203
77 4 193
77 10 213
77 27 180
77 31 210
77 54 184
77 79 182
77 135 183
77 166 184
77 214 191
77 223 217
77 289 185
77 295 206
77 298 209
77 323 188
77 360 189
77 388 204
77 392 180
78 50 181
78 59 196
78 80 195
78 95 207
78 115 184
78 126 210
78 127 183
78 133 201
78 138 190
78 143 189
78 160 213
78 186 219
78 226 182
78 241 206
78 274 208
78 289 198
78 330 181
78 349 191
78 354 205
79 14 188
79 49 209
79 58 218
79 85 191
79 101 216
79 102 192
79 107 208
79 109 221
79 154 184
79 163 203
79 172 211
79 185 185
79 201 208
79 204 218
79 207 207
79 236 211
79 244 200
79 253 209
79 274 197
79 318 202
79 327 188
79 340 189
79 344 220
79 350 192
79 371 221
79 401 220
80 26 205
80 71 207
80 92 194
80 99 197
80 110 221
80 123 203
80 139 204
80 164 185
80 186 203
80 220 201
80 237 184
80 266 210
80 280 182
80 318 220
80 321 218
80 371 195
81 8 218
81 13 212
81 22 198
81 27 186
81 28 217
81 72 216
81 97 213
81 113 220
81 116 196
81 117 215
81 137 209
81 142 204
81 168 186
81 266 188
81 275 184
81 291 210
81 372 206
81 397 213
82 22 195
82 27 209
82 33 196
82 36 213
82 54 201
82 67 209
82 95 188
82 98 186
82 106 194
82 127 205
82 130 197
82 138 182
82 143 221
82 155 211
82 186 180
82 207 189
82 216 200
82 227 184
82 235 188
82 237 190
82 257 189
82 270 208
82 284 199
82 294 219
82 336 201
82 356 196
83 15 211
83 18 190
83 41 197
83 49 209
83 88 197
83 111 191
83 116 205
83 153 217
83 178 213
83 190 207
83 232 181
83 235 186
83 285 186
83 330 219
84 29 204
84 31 220
84 36 213
84 56 216
84 57 198
84 83 212
84 98 183
84 102 204
84 133 192
84 141 218
84 179 185
84 181 195
84 186 182
84 198 197
84 203 214
84 219 208
84 233 195
84 239 182
84 317 182
84 336 216
84 358 196
84 365 191
84 386 180
85 2 190
85 19 187
85 60 214
85 67 184
85 90 206
85 92 185
85 129 182
85 144 192
85 162 206
85 213 185
85 220 191
85 256 187
85 277 205
85 310 203
85 369 220
85 371 206
85 391 210
86 29 213
86 46 211
86 49 196
86 67 220
86 128 184
86 137 191
86 153 199
86 165 220
86 166 205
86 170 183
86 184 192
86 266 193
86 280 219
86 281 186
86 291 190
86 324 187
86 335 185
86 336 196
86 338 204
86 346 209
86 348 198
86 376 191
86 391 220
87 20 191
87 84 218
87 106 188
87 113 195
87 136 199
87 147 221
87 163 214
87 164 186
87 210 182
87 217 191
87 250 197
87 252 192
87 275 180
87 285 210
87 299 197
87 307 197
87 325 198
87 349 187
87 361 184
88 34 213
88 53 207
88 57 217
88 99 212
88 149 183
88 166 198
88 173 188
88 192 183
88 201 194
88 211 180
88 259 211
88 262 220
88 275 203
88 286 221
88 325 194
88 343 185
88 354 186
88 391 219
88 395 212
89 14 214
89 26 215
89 36 218
89 49 186
89 63 192
89 78 191
89 111 191
89 134 213
89 161 187
89 171 207
89 173 211
89 184 218
89 186 219
89 243 180
89 263 200
89 266 218
89 269 219
89 274 183
89 282 219
89 296 196
89 297 189
89 332 184
89 359 199
90 28 196
90 55 204
90 57 219
90 94 195
90 110 185
90 131 218
90 191 209
90 194 193
90 207 215
90 213 208
90 222 180
90 229 180
90 283 214
90 285 184
90 290 183
90 326 220
90 372 196
90 375 190
90 393 194
91 18 191
91 35 190
91 49 194
91 70 191
91 92 206
91 119 189
91 120 195
91 138 186
91 143 215
91 181 194
91 256 204
91 276 219
91 278 198
91 320 206
91 351 202
91 370 209
91 373 180
91 385 195
91 401 208
92 22 213
92 85 202
92 87 189
92 107 220
92 125 215
92 131 182
92 159 182
92 175 196
92 200 210
92 212 208
92 213 220
92 218 204
92 223 183
92 236 204
92 251 200
92 255 211
92 282 182
92 300 209
92 301 185
92 319 217
93 32 190
93 39 207
93 54 195
93 63 212
93 68 220
93 80 190
93 110 197
93 112 205
93 127 209
93 147 205
93 148 200
93 159 188
93 169 194
93 194 202
93 195 215
93 200 216
93 202 216
93 207 196
93 220 189
93 226 183
93 241 211
93 243 200
93 259 209
93 307 212
93 322 219
93 323 210
93 350 182
94 32 203
94 53 216
94 56 196
94 93 193
94 204 186
94 211 185
94 214 209
94 223 200
94 245 185
94 258 189
94 261 215
94 308 215
94 327 206
94 331 213
94 336 214
94 345 204
94 349 210
94 371 219
94 382 206
95 24 200
95 28 208
95 82 197
95 102 181
95 106 190
95 120 189
95 124 215
95 127 193
95 239 192
95 348 186
95 351 191
95 366 188
95 367 212
95 383 194
96 29 191
96 37 194
96 59 198
96 64 207
96 74 200
96 94 188
96 105 215
96 115 189
96 122 183
96 126 217
96 130 216
96 132 195
96 151 217
96 179 180
96 185 191
96 188 201
96 192 194
96 231 191
96 241 200
96 242 219
96 259 183
96 298 191
96 300 206
96 314 180
96 315 208
96 345 208
96 352 214
96 365 217
96 376 207
96 401 209
97 2 208
97 9 209
97 70 202
97 94 210
97 110 198
97 120 182
97 126 193
97 146 194
97 172 217
97 227 210
97 269 217
97 287 195
97 288 204
97 310 219
97 322 180
97 335 220
97 348 210
97 351 199
97 392 203
97 399 200
98 9 214
98 32 191
98 47 194
98 56 197
98 90 196
98 106 192
98 117 197
98 125 187
98 127 215
98 147 198
98 174 182
98 192 188
98 226 207
98 239 215
98 247 217
98 271 191
98 284 194
98 296 182
98 302 191
98 324 215
98 334 215
98 339 217
98 374 190
99 21 220
99 25 192
99 28 200
99 61 218
99 64 215
99 109 208
99 155 201
99 200 214
99 207 204
99 230 211
99 266 185
99 285 202
99 311 198
99 333 216
99 343 199
99 346 188
99 350 183
99 358 195
99 369 200
100 5 189
100 30 213
100 33 209
100 85 218
100 114 218
100 116 214
100 129 203
100 133 183
100 150 189
100 157 207
100 181 221
100 209 188
100 240 203
100 267 202
100 292 209
100 302 213
100 312 214
100 320 183
100 326 195
100 340 186
100 345 202
100 370 187
100 392 214
101 3 213
101 33 214
101 54 186
101 55 187
101 56 218
101 61 213
101 71 192
101 82 217
101 105 182
101 120 187
101 150 187
101 164 190
101 172 196
101 183 189
101 185 220
101 201 189
101 209 220
101 255 217
101 271 189
101 318 216
101 380 197
101 386 220
101 391 201
102 25 201
102 34 180
102 50 212
102 57 204
102 82 198
102 86 221
102 89 203
102 114 208
102 122 203
102 142 219
102 177 197
102 181 220
102 190 190
102 198 193
102 236 217
102 268 201
102 269 182
102 272 197
102 281 189
102 301 213
102 334 185
102 336 184
102 337 181
102 341 214
102 379 180
103 69 194
103 102 193
103 113 217
103 171 199
103 173 205
103 180 183
103 217 218
103 220 216
103 230 200
103 316 215
103 361 203
104 17 212
104 46 217
104 48 188
104 68 200
104 76 185
104 81 180
104 97 220
104 112 212
104 115 207
104 118 193
104 141 187
104 167 187
104 247 199
104 254 207
104 269 203
104 290 219
104 300 200
104 325 221
104 327 212
104 357 180
104 359 208
104 363 207
104 372 214
104 380 195
105 3 205
105 22 185
105 34 195
105 61 181
105 101 211
105 102 215
105 117 208
105 124 215
105 125 216
105 146 192
105 166 180
105 173 203
105 238 190
105 246 182
105 264 193
105 277 201
105 291 205
105 301 188
105 317 199
105 336 182
105 339 192
105 392 199
106 5 208
106 26 212
106 43 191
106 100 185
106 162 207
106 189 195
106 207 216
106 218 209
106 226 195
106 236 216
106 242 202
106 260 184
106 293 205
106 301 203
106 332 218
106 346 192
106 393 200
106 401 193
107 32 200
107 33 183
107 65 191
107 95 186
107 96 185
107 110 200
107 112 195
107 126 206
107 145 192
107 152 215
107 184 219
107 203 181
107 204 192
107 211 186
107 215 219
107 219 188
107 221 195
107 273 214
107 298 202
107 340 191
107 346 218
107 349 191
107 361 204
107 391 214
108 6 194
108 8 190
108 31 185
108 59 196
108 65 214
108 92 197
108 102 203
108 144 214
108 148 200
108 149 183
108 151 210
108 192 204
108 258 214
108 267 185
108 286 201
108 295 185
108 305 189
108 324 187
108 338 191
108 364 207
108 387 203
108 401 209
109 16 210
109 20 219
109 35 186
109 58 217
109 105 197
109 129 220
109 182 189
109 184 214
109 189 207
109 240 204
109 245 218
109 265 195
109 279 193
109 298 215
109 309 203
109 329 211
109 363 218
109 370 211
109 379 215
109 382 189
109 388 193
109 394 218
110 13 197
110 26 205
110 33 220
110 34 197
110 54 206
110 58 190
110 103 180
110 114 194
110 131 189
110 133 221
110 153 192
110 181 197
110 182 201
110 195 184
110 212 208
110 285 200
110 290 195
110 307 198
110 311 203
110 316 211
110 341 216
110 371 198
110 401 189
111 23 200
111 65 197
111 88 214
111 106 221
111 128 203
111 133 184
111 134 192
111 154 194
111 159 212
111 166 202
111 177 182
111 226 210
111 236 204
111 284 197
111 319 204
111 332 181
111 335 215
111 353 215
111 375 188
111 388 195
112 9 213
112 21 202
112 22 211
112 32 194
112 34 208
112 50 196
112 52 183
112 77 191
112 95 220
112 143 220
112 173 180
112 197 211
112 213 197
112 214 214
112 224 199
112 272 193
112 304 210
112 309 206
112 317 202
112 330 212
112 353 192
112 370 181
112 378 192
112 384 190
112 395 181
112 399 221
113 9 190
113 40 201
113 56 217
113 71 206
113 119 204
113 131 202
113 144 200
113 148 211
113 168 182
113 191 218
113 227 201
113 263 204
113 295 215
113 306 190
113 308 202
113 309 181
113 366 194
113 394 197
114 15 200
114 37 220
114 53 186
114 147 208
114 194 198
114 212 191
114 229 181
114 349 195
114 359 180
114 369 190
114 370 201
114 387 192
114 396 203
114 399 183
115 25 180
115 55 188
115 68 201
115 82 214
115 84 180
115 136 183
115 155 209
115 162 216
115 165 207
115 166 221
115 210 180
115 236 209
115 264 202
115 277 206
115 294 204
115 302 184
115 320 191
115 335 202
115 362 191
115 368 198
115 372 219
115 384 220
115 397 191
116 28 189
116 32 195
116 42 184
116 85 206
116 90 220
116 94 204
116 124 183
116 141 220
116 253 221
116 276 221
116 316 210
116 327 220
116 329 209
116 338 212
116 361 184
116 366 192
116 396 221
117 42 205
117 45 192
117 58 215
117 62 206
117 108 185
117 146 198
117 171 212
117 172 208
117 173 204
117 186 186
117 198 193
117 229 201
117 268 186
117 273 188
117 327 210
117 356 205
117 370 203
118 36 213
118 50 191
118 67 219
118 68 208
118 83 216
118 133 199
118 139 200
118 143 205
118 146 209
118 186 217
118 214 205
118 258 194
118 268 180
118 282 199
118 308 191
118 329 200
118 336 202
118 353 211
118 361 212
118 367 202
119 9 192
119 51 201
119 57 187
119 145 191
119 171 211
119 176 182
119 241 186
119 270 193
119 310 201
119 315 200
119 323 213
119 327 193
119 341 197
119 343 191
119 353 205
119 358 208
119 381 217
119 383 221
119 391 221
120 24 181
120 34 201
120 65 208
120 69 216
120 94 196
120 113 185
120 121 208
120 163 195
120 181 205
120 201 209
120 244 204
120 251 185
120 254 201
120 257 219
120 280 185
120 304 212
120 317 201
120 347 188
120 351 211
120 358 192
120 366 214
120 368 192
120 376 182
120 383 207
120 391 208
121 12 180
121 31 209
121 74 198
121 127 192
121 169 187
121 224 187
121 240 189
121 249 198
121 271 181
121 278 201
121 288 197
121 329 217
121 333 205
122 20 197
122 65 198
122 73 209
122 126 195
122 153 199
122 194 214
122 201 211
122 207 193
122 259 218
122 305 203
122 315 181
122 321 201
122 359 203
122 375 196
123 14 202
123 30 192
123 41 198
123 46 184
123 53 180
123 55 210
123 59 218
123 67 216
123 74 199
123 82 205
123 93 210
123 127 220
123 169 212
123 181 202
123 189 221
123 194 206
123 212 183
123 216 204
123 240 194
123 247 217
123 262 198
123 280 210
123 315 187
123 328 209
123 329 191
123 390 195
123 399 207
124 46 215
124 49 187
124 94 221
124 112 185
124 127 206
124 128 208
124 138 196
124 168 182
124 179 185
124 183 204
124 188 209
124 194 204
124 198 204
124 214 189
124 217 205
124 263 210
124 268 192
124 271 186
124 273 188
124 281 209
124 321 196
124 347 197
124 388 219
124 393 216
124 394 197
125 25 203
125 44 207
125 45 189
125 50 203
125 74 194
125 85 191
125 88 206
125 93 209
125 101 192
125 111 221
125 133 210
125 157 188
125 198 202
125 221 181
125 226 196
125 234 210
125 253 205
125 291 182
125 343 215
125 364 213
125 373 189
125 379 205
126 14 195
126 31 182
126 62 194
126 80 204
126 100 186
126 111 195
126 148 192
126 182 195
126 197 220
126 212 217
126 215 216
126 221 187
126 223 219
126 234 191
126 247 184
126 281 201
126 304 206
126 313 207
126 330 200
126 331 200
126 341 220
126 353 198
126 361 204
126 378 189
126 380 192
127 10 213
127 31 213
127 32 199
127 34 181
127 43 187
127 57 183
127 60 216
127 83 210
127 105 192
127 113 199
127 119 207
127 131 197
127 190 181
127 198 216
127 236 188
127 259 211
127 268 204
127 280 218
127 284 194
127 296 187
127 297 200
127 309 210
127 328 199
127 334 208
127 383 220
127 390 197
127 401 195
128 26 202
128 43 219
128 61 206
128 66 188
128 69 204
128 84 192
128 95 197
128 98 195
128 99 181
128 101 217
128 112 194
128 114 200
128 145 207
128 155 205
128 176 216
128 184 187
128 212 183
128 226 190
128 228 183
128 259 217
128 261 212
128 300 193
128 328 212
128 347 192
128 367 189
128 377 211
129 30 199
129 38 202
129 43 219
129 77 204
129 87 193
129 94 219
129 114 203
129 124 213
129 137 186
129 167 196
129 193 217
129 203 188
129 222 204
129 286 205
129 302 188
129 303 195
129 332 194
129 336 210
129 364 210
129 388 217
129 394 191
130 11 220
130 17 183
130 26 181
130 41 181
130 51 203
130 85 215
130 127 190
130 132 216
130 138 194
130 139 202
130 164 209
130 168 214
130 179 217
130 190 220
130 200 199
130 239 215
130 252 198
130 255 186
130 272 187
130 276 214
130 292 189
130 360 181
130 367 191
130 368 219
130 390 204
130 392 184
130 401 194
131 20 202
131 39 219
131 40 181
131 61 184
131 69 205
131 82 201
131 99 214
131 115 180
131 120 197
131 137 197
131 159 220
131 172 181
131 196 209
131 209 181
131 212 207
131 225 180
131 259 204
131 266 184
131 277 185
131 340 182
131 396 188
132 7 199
132 20 187
132 57 206
132 60 183
132 118 218
132 147 209
132 201 203
132 215 204
132 227 191
132 230 205
132 242 220
132 257 189
132 278 206
132 281 191
132 297 212
132 352 204
132 361 213
132 370 200
133 1 202
133 42 188
133 43 205
133 59 199
133 67 193
133 88 188
133 102 213
133 108 195
133 114 189
133 150 201
133 169 199
133 184 195
133 188 197
133 195 198
133 236 221
133 242 200
133 255 216
133 294 183
133 299 217
133 323 187
133 360 187
133 361 188
133 373 192
134 12 195
134 53 199
134 73 216
134 121 196
134 164 197
134 173 184
134 187 208
134 209 215
134 264 213
134 298 213
134 300 217
134 323 220
135 5 185
135 63 202
135 68 193
135 72 196
135 127 203
135 151 201
135 236 210
135 249 182
135 252 194
135 256 197
135 273 180
135 288 206
135 294 188
135 296 210
135 326 214
135 342 200
135 350 189
135 352 186
136 24 184
136 60 217
136 67 218
136 70 208
136 84 185
136 118 200
136 139 186
136 149 187
136 150 196
136 157 195
136 186 198
136 204 189
136 209 184
136 212 196
136 238 219
136 239 216
136 306 219
136 319 182
136 325 218
136 327 189
136 347 209
136 386 198
137 6 218
137 23 196
137 43 215
137 89 200
137 108 217
137 127 198
137 184 188
137 211 204
137 224 207
137 245 199
137 257 208
137 282 213
137 297 215
137 306 211
137 335 201
137 369 188
137 370 221
137 374 208
138 11 190
138 31 203
138 50 192
138 53 187
138 95 213
138 102 192
138 117 213
138 142 205
138 152 181
138 160 188
138 175 193
138 183 199
138 184 200
138 186 183
138 192 203
138 207 208
138 214 210
138 226 184
138 243 217
138 263 202
138 288 192
138 314 198
138 319 191
138 327 187
138 334 217
138 344 214
138 347 214
138 356 217
138 358 203
138 368 193
138 389 203
139 20 192
139 29 206
139 69 198
139 99 190
139 105 198
139 144 208
139 151 206
139 172 202
139 178 218
139 186 200
139 222 214
139 229 206
139 236 195
139 247 183
139 277 188
139 279 214
139 289 186
139 294 206
139 320 201
139 340 190
140 22 206
140 27 202
140 39 194
140 44 191
140 70 193
140 90 186
140 97 216
140 120 213
140 122 205
140 135 199
140 136 199
140 250 193
140 261 212
140 268 206
140 271 194
140 287 203
140 309 206
140 321 190
140 342 221
140 367 199
140 375 204
140 400 196
141 8 221
141 64 200
141 79 184
141 93 192
141 106 185
141 151 190
141 155 216
141 177 202
141 236 217
141 265 181
141 284 180
141 310 219
141 327 219
141 380 211
141 400 208
142 1 212
142 15 216
142 46 191
142 60 181
142 89 187
142 92 200
142 98 193
142 154 192
142 205 214
142 235 216
142 238 205
142 274 217
142 281 206
142 284 195
142 286 195
142 293 208
142 296 188
142 299 197
142 301 208
142 330 194
142 353 197
142 359 188
142 394 188
142 400 218
143 42 201
143 84 190
143 88 200
143 97 218
143 109 206
143 148 202
143 167 198
143 176 212
143 209 209
143 218 201
143 254 186
143 264 200
143 297 183
143 313 213
143 344 180
144 38 190
144 56 188
144 99 195
144 115 214
144 175 192
144 204 185
144 218 200
144 259 213
144 274 211
144 293 185
144 326 207
144 350 205
144 351 188
144 359 198
144 360 210
145 50 207
145 61 187
145 62 212
145 63 218
145 69 220
145 73 220
145 119 195
145 124 197
145 140 192
145 148 186
145 172 185
145 250 212
145 254 220
145 272 221
145 279 213
145 316 215
145 325 218
145 357 190
145 375 218
145 381 200
146 8 195
146 12 211
146 27 199
146 63 191
146 76 198
146 89 209
146 108 211
146 121 189
146 137 189
146 141 190
146 148 204
146 165 185
146 168 199
146 194 185
146 273 215
146 306 196
146 329 212
146 347 185
146 373 199
147 27 187
147 68 209
147 100 202
147 106 215
147 142 207
147 167 205
147 199 214
147 211 184
147 238 180
147 296 187
147 297 191
147 299 180
147 306 196
147 324 185
147 341 207
147 364 189
147 373 216
147 374 209
147 391 219
148 20 181
148 62 204
148 65 183
148 93 182
148 94 196
148 120 190
148 137 216
148 200 221
148 205 183
148 218 206
148 233 197
148 234 218
148 238 191
148 240 203
148 242 218
148 299 196
148 338 208
148 343 213
148 358 189
149 10 192
149 13 201
149 23 185
149 27 187
149 44 220
149 50 192
149 63 210
149 75 199
149 95 209
149 202 210
149 219 205
149 222 219
149 226 202
149 253 207
149 275 198
149 290 192
149 314 204
149 322 209
149 361 208
149 375 186
149 392 216
150 0 185
150 1 202
150 45 217
150 54 199
150 58 201
150 74 213
150 96 210
150 99 209
150 113 201
150 127 215
150 129 209
150 133 197
150 136 183
150 147 217
150 165 214
150 170 189
150 191 217
150 202 194
150 210 217
150 234 217
150 243 206
150 257 199
150 293 214
150 325 201
150 330 196
150 338 206
150 343 210
150 354 221
150 358 195
150 375 218
150 392 205
150 398 180
151 121 187
151 145 206
151 174 189
151 180 188
151 221 207
151 223 215
151 230 220
151 293 194
151 298 220
151 328 182
151 333 191
151 334 196
152 2 205
152 38 219
152 42 204
152 77 180
152 85 204
152 88 187
152 93 180
152 95 182
152 133 221
152 158 221
152 189 189
152 260 204
152 297 190
152 312 216
152 318 187
152 327 198
152 353 185
152 377 207
152 384 204
152 388 213
153 0 195
153 12 183
153 26 200
153 37 203
153 48 211
153 55 192
153 101 221
153 105 211
153 107 186
153 120 212
153 122 205
153 160 211
153 179 206
153 237 219
153 259 217
153 294 182
153 296 203
153 306 188
153 336 220
153 337 209
153 350 209
153 354 216
153 359 209
153 383 192
154 11 217
154 32 199
154 58 186
154 93 195
154 97 193
154 121 201
154 132 200
154 177 192
154 191 187
154 214 185
154 225 208
154 275 208
154 329 215
154 348 220
154 365 204
154 371 192
154 390 201
154 395 191
155 11 183
155 29 207
155 55 210
155 135 191
155 140 198
155 141 184
155 146 186
155 200 194
155 221 180
155 237 192
155 248 195
155 252 219
155 266 188
155 285 211
155 307 210
155 351 200
155 377 195
155 387 203
155 390 202
155 393 219
156 0 188
156 36 207
156 66 195
156 69 203
156 104 194
156 169 183
156 182 183
156 198 221
156 295 206
156 316 190
156 334 193
156 346 211
156 354 198
157 84 199
157 105 188
157 114 216
157 166 187
157 167 212
157 173 219
157 178 212
157 291 191
157 333 204
157 373 187
157 390 205
158 7 216
158 20 194
158 26 221
158 39 208
158 47 191
158 50 197
158 51 219
158 60 180
158 66 181
158 68 191
158 72 180
158 78 206
158 84 201
158 101 186
158 178 181
158 193 215
158 237 194
158 239 182
158 255 186
158 266 200
158 276 215
158 280 190
158 315 200
158 324 197
158 328 212
158 336 209
158 360 221
158 392 221
159 48 198
159 70 206
159 132 206
159 138 218
159 160 212
159 198 204
159 213 192
159 215 192
159 227 214
159 229 185
159 268 212
159 269 181
159 276 201
159 283 180
159 290 221
159 346 181
159 350 220
159 392 213
159 393 203
160 15 186
160 28 199
160 38 196
160 47 186
160 51 221
160 58 181
160 62 218
160 63 220
160 79 204
160 115 213
160 121 218
160 149 214
160 168 221
160 170 191
160 175 201
160 180 215
160 196 212
160 201 189
160 224 218
160 285 193
160 306 208
160 314 207
160 341 208
160 390 217
161 16 221
161 36 200
161 51 205
161 68 211
161 130 197
161 131 190
161 159 181
161 178 200
161 183 196
161 185 204
161 192 209
161 218 197
161 230 191
161 241 186
161 301 190
161 326 221
161 327 219
161 348 219
161 362 196
161 384 202
161 390 196
162 1 185
162 4 220
162 58 212
162 62 218
162 82 200
162 95 185
162 99 191
162 104 190
162 117 209
162 142 211
162 145 205
162 172 203
162 175 187
162 203 180
162 210 221
162 230 185
162 257 212
162 266 189
162 268 209
162 273 181
162 282 188
162 316 203
162 317 180
162 362 211
162 366 221
162 374 213
162 378 220
162 380 212
162 395 196
163 5 208
163 9 211
163 14 221
163 20 215
163 28 197
163 35 219
163 64 185
163 92 205
163 108 182
163 113 212
163 126 205
163 144 192
163 150 197
163 152 194
163 215 195
163 246 201
163 278 210
163 288 191
163 300 182
163 311 182
163 314 196
163 323 193
163 327 185
163 369 201
164 10 181
164 28 189
164 31 193
164 39 213
164 115 182
164 128 208
164 168 182
164 176 192
164 185 210
164 226 191
164 262 221
164 266 210
164 267 196
164 285 181
164 286 219
164 296 184
164 304 195
164 307 188
164 346 194
164 355 190
164 360 197
164 366 212
164 375 190
164 381 201
164 391 205
165 13 213
165 30 206
165 31 204
165 46 186
165 61 204
165 70 206
165 77 211
165 80 196
165 194 180
165 211 210
165 241 219
165 251 189
165 267 205
165 281 190
165 283 206
165 317 210
165 325 192
165 375 201
166 17 210
166 50 196
166 53 213
166 70 208
166 84 202
166 89 195
166 108 206
166 117 220
166 135 203
166 136 208
166 140 220
166 180 220
166 184 205
166 214 199
166 224 203
166 227 187
166 243 207
166 288 199
166 295 206
166 324 211
166 328 214
166 376 221
166 386 196
167 11 219
167 13 210
167 20 214
167 38 189
167 58 209
167 88 203
167 111 182
167 124 208
167 133 211
167 141 180
167 176 207
167 192 196
167 217 188
167 233 183
167 249 202
167 262 201
167 292 207
167 303 217
167 336 184
167 367 181
167 376 220
168 15 187
168 57 206
168 73 195
168 90 204
168 96 194
168 132 188
168 161 209
168 162 190
168 163 192
168 208 211
168 219 181
168 231 203
168 266 208
168 301 187
168 303 215
168 344 218
168 346 206
168 350 195
168 364 217
169 0 193
169 11 202
169 20 193
169 32 183
169 48 216
169 62 193
169 67 197
169 90 199
169 101 185
169 104 216
169 119 196
169 122 207
169 123 182
169 136 194
169 146 215
169 152 198
169 154 190
169 165 212
169 232 219
169 257 198
169 259 192
169 263 204
169 297 186
169 321 212
169 348 190
169 362 194
169 377 183
169 379 202
170 18 184
170 72 190
170 76 213
170 83 207
170 103 201
170 111 191
170 133 195
170 138 210
170 139 196
170 149 209
170 158 191
170 175 200
170 202 194
170 216 184
170 222 187
170 227 185
170 249 220
170 252 216
170 257 204
170 265 193
170 282 212
170 317 182
170 365 193
171 26 202
171 32 217
171 42 207
171 64 191
171 96 182
171 111 187
171 146 187
171 230 207
171 236 198
171 264 199
171 294 200
171 298 209
171 307 197
171 324 200
171 329 181
171 371 199
171 372 197
171 395 188
172 13 185
172 15 202
172 24 205
172 28 192
172 49 182
172 64 191
172 74 193
172 78 194
172 81 212
172 82 188
172 92 180
172 94 202
172 97 198
172 128 203
172 146 197
172 179 210
172 182 196
172 208 185
172 267 204
172 299 218
172 302 187
172 305 210
172 317 185
172 325 221
172 336 198
172 339 201
172 365 219
172 384 208
173 4 186
173 29 217
173 65 184
173 113 205
173 147 207
173 154 216
173 176 202
173 186 207
173 208 202
173 218 214
173 225 215
173 257 205
173 284 213
173 309 204
173 329 216
173 333 201
173 360 202
173 376 182
173 380 204
173 382 191
174 13 199
174 14 216
174 24 200
174 55 212
174 59 188
174 72 189
174 76 201
174 77 220
174 92 212
174 108 219
174 134 214
174 170 213
174 192 186
174 211 187
174 224 194
174 225 190
174 232 194
174 251 182
174 288 182
174 300 192
174 325 195
174 333 220
174 343 215
174 349 206
174 395 219
175 32 196
175 57 217
175 97 221
175 129 211
175 149 208
175 151 200
175 152 209
175 162 194
175 167 200
175 182 202
175 190 201
175 198 187
175 241 186
175 244 199
175 265 209
175 297 209
175 307 204
175 309 207
175 315 185
175 319 200
175 341 192
175 348 206
175 390 199
175 391 221
175 399 215
176 6 191
176 19 211
176 20 185
176 26 189
176 33 184
176 57 197
176 63 215
176 72 214
176 90 194
176 92 219
176 95 211
176 99 193
176 114 191
176 118 206
176 140 211
176 144 192
176 174 188
176 210 186
176 213 196
176 229 213
176 238 214
176 251 199
176 253 187
176 257 204
176 275 217
176 385 207
177 6 217
177 9 193
177 73 200
177 110 197
177 128 202
177 137 211
177 149 208
177 152 192
177 209 219
177 219 217
177 238 188
177 325 209
177 381 206
178 3 197
178 5 203
178 68 190
178 85 204
178 90 215
178 101 215
178 109 202
178 219 212
178 236 196
178 238 215
178 246 198
178 251 209
178 303 211
178 306 205
178 322 189
178 353 195
178 361 200
178 362 208
178 373 212
178 382 181
178 384 192
179 22 210
179 33 193
179 40 184
179 51 182
179 60 184
179 98 183
179 150 212
179 152 206
179 166 183
179 205 199
179 249 207
179 322 196
179 336 221
179 338 198
179 340 183
179 386 214
180 26 181
180 40 195
180 41 220
180 44 182
180 56 218
180 61 212
180 64 193
180 82 218
180 87 217
180 102 209
180 118 196
180 122 185
180 127 216
180 164 193
180 181 184
180 201 198
180 203 180
180 245 202
180 288 218
180 298 206
180 308 198
180 318 209
180 361 209
180 368 207
180 391 211
181 12 205
181 14 216
181 47 183
181 50 206
181 66 218
181 74 203
181 78 204
181 83 200
181 85 182
181 129 202
181 142 202
181 143 185
181 175 197
181 194 181
181 202 188
181 203 182
181 234 201
181 310 183
181 366 190
182 5 192
182 31 219
182 37 191
182 44 208
182 56 202
182 64 217
182 72 201
182 88 221
182 105 200
182 106 187
182 125 210
182 131 206
182 139 190
182 183 219
182 221 219
182 243 193
182 251 185
182 277 191
182 294 181
182 308 215
182 313 220
182 315 195
182 318 188
182 344 212
183 9 188
183 12 192
183 63 221
183 81 192
183 83 201
183 89 220
183 99 184
183 102 208
183 106 205
183 128 213
183 134 188
183 149 205
183 194 208
183 198 197
183 210 219
183 214 220
183 252 186
183 264 182
183 270 205
183 276 194
183 284 195
183 287 204
183 299 203
183 317 191
183 344 204
183 351 202
183 376 182
183 377 184
183 378 187
183 383 221
184 0 203
184 5 194
184 10 184
184 20 189
184 27 208
184 73 217
184 87 185
184 107 187
184 137 204
184 188 210
184 214 219
184 230 185
184 239 191
184 296 194
184 308 205
184 333 206
184 336 180
184 338 204
184 349 192
184 380 214
184 386 187
185 9 201
185 23 194
185 48 210
185 49 216
185 54 196
185 76 218
185 154 195
185 161 206
185 194 204
185 198 196
185 238 184
185 256 213
185 263 196
185 270 218
185 271 209
185 295 214
185 300 199
185 356 209
185 380 206
186 17 193
186 56 202
186 58 199
186 76 204
186 102 187
186 124 189
186 144 212
186 157 205
186 160 218
186 247 220
186 275 194
186 300 197
186 302 180
186 303 209
186 305 218
186 350 216
187 20 208
187 25 194
187 35 208
187 47 200
187 100 195
187 138 199
187 144 216
187 160 208
187 165 198
187 218 188
187 230 185
187 231 180
187 265 195
187 277 186
187 359 195
187 379 181
187 396 181
187 398 180
188 0 190
188 20 186
188 76 192
188 100 190
188 181 184
188 183 192
188 218 198
188 219 189
188 227 197
188 229 197
188 276 180
188 295 204
188 298 199
188 309 198
188 333 220
188 338 208
188 344 180
188 365 217
189 6 201
189 11 214
189 22 190
189 31 204
189 134 195
189 144 209
189 151 181
189 182 203
189 188 217
189 197 183
189 211 193
189 244 181
189 245 210
189 250 199
189 277 188
189 279 185
189 281 220
189 305 191
189 326 217
189 336 209
189 347 183
189 348 216
189 400 218
190 3 197
190 4 188
190 47 219
190 53 191
190 75 198
190 82 193
190 86 202
190 209 212
190 236 186
190 245 188
190 256 213
190 257 188
190 261 182
190 327 218
190 388 186
190 391 201
191 2 209
191 3 204
191 19 192
191 32 204
191 38 185
191 86 221
191 147 190
191 194 206
191 207 180
191 215 212
191 216 188
191 242 189
191 249 212
191 286 213
191 317 195
191 349 181
191 365 211
191 378 202
192 37 186
192 46 201
192 47 192
192 49 209
192 51 181
192 102 186
192 112 204
192 113 220
192 121 202
192 135 217
192 164 215
192 168 194
192 169 213
192 200 192
192 259 209
192 287 221
192 291 192
192 295 199
192 312 207
192 324 186
192 328 180
192 395 193
193 2 209
193 11 206
193 42 206
193 48 195
193 126 212
193 133 207
193 141 216
193 148 190
193 158 220
193 168 188
193 172 180
193 195 194
193 226 221
193 254 206
193 287 210
193 293 215
193 340 209
194 1 216
194 7 193
194 31 188
194 49 193
194 55 194
194 113 197
194 166 190
194 170 181
194 176 194
194 205 210
194 206 207
194 242 221
194 257 186
194 258 217
194 269 218
194 278 204
194 288 209
194 300 192
194 325 188
194 343 213
194 366 190
194 369 194
194 387 201
194 393 188
195 5 216
195 49 186
195 53 181
195 63 214
195 82 189
195 83 216
195 102 195
195 111 198
195 119 190
195 131 193
195 133 220
195 136 199
195 157 201
195 170 217
195 208 207
195 216 205
195 227 215
195 246 208
195 278 211
195 294 211
195 314 193
195 333 191
195 349 187
195 357 211
195 369 209
195 375 182
195 396 191
196 24 194
196 54 210
196 118 208
196 149 200
196 160 216
196 165 184
196 171 185
196 174 200
196 177 192
196 178 215
196 213 211
196 224 198
196 240 208
196 243 212
196 269 192
196 282 198
196 291 194
196 303 186
196 307 180
196 355 208
196 367 190
196 375 193
196 388 218
197 9 180
197 14 213
197 29 206
197 40 193
197 46 193
197 49 192
197 59 216
197 60 220
197 121 189
197 155 215
197 167 206
197 182 180
197 234 221
197 254 203
197 276 215
197 294 211
197 295 199
197 306 195
197 307 216
197 325 201
197 333 210
197 377 213
197 391 211
198 0 195
198 8 184
198 9 183
198 62 218
198 67 214
198 70 188
198 88 192
198 92 183
198 101 201
198 116 221
198 169 204
198 204 198
198 227 201
198 246 219
198 251 217
198 271 220
198 286 215
198 303 210
198 342 196
198 356 211
198 366 212
198 381 198
198 382 182
198 401 217
199 1 196
199 10 201
199 26 189
199 37 202
199 63 197
199 71 210
199 81 190
199 119 208
199 128 186
199 132 219
199 139 202
199 156 181
199 161 195
199 172 206
199 207 216
199 208 213
199 214 183
199 217 200
199 223 186
199 248 217
199 277 199
199 280 204
199 302 182
199 316 213
199 321 200
199 330 199
199 349 188
199 369 195
199 383 180
199 389 217
199 401 197
200 21 185
200 42 196
200 46 212
200 51 211
200 142 202
200 157 184
200 166 218
200 202 219
200 254 196
200 257 203
200 288 188
200 305 207
200 314 219
200 377 193
200 397 183
201 15 200
201 19 203
201 28 221
201 48 209
201 79 192
201 94 189
201 100 182
201 113 206
201 125 198
201 178 217
201 247 181
201 293 217
201 296 191
201 304 180
201 306 220
201 315 216
201 351 207
201 353 199
201 401 200
202 20 186
202 32 217
202 34 190
202 41 204
202 62 182
202 69 190
202 71 191
202 83 193
202 84 208
202 88 220
202 127 188
202 145 193
202 157 204
202 191 208
202 205 211
202 212 202
202 225 220
202 242 213
202 245 191
202 264 187
202 292 196
202 358 202
202 362 181
202 391 189
203 3 191
203 10 183
203 15 217
203 54 206
203 55 208
203 63 180
203 75 207
203 109 189
203 139 187
203 150 200
203 166 197
203 211 216
203 213 201
203 250 219
203 270 188
203 280 207
203 294 216
203 303 191
203 314 183
203 316 208
203 330 187
203 373 212
203 381 214
203 383 191
203 384 183
203 387 201
204 46 215
204 57 196
204 59 209
204 86 185
204 116 190
204 143 218
204 152 200
204 184 212
204 202 208
204 208 212
204 214 196
204 285 186
204 313 216
204 321 187
204 330 189
204 380 200
204 389 192
204 392 215
205 78 214
205 106 210
205 136 211
205 143 206
205 154 182
205 166 216
205 182 182
205 236 183
205 273 195
205 281 183
205 283 215
205 315 189
205 342 183
205 358 198
205 371 188
205 393 209
206 52 196
206 72 210
206 80 197
206 87 203
206 102 220
206 127 202
206 178 201
206 179 211
206 196 201
206 198 206
206 202 190
206 267 215
206 304 199
206 334 214
206 346 191
206 349 214
206 400 221
207 23 185
207 34 210
207 88 215
207 104 183
207 151 183
207 163 211
207 176 191
207 197 205
207 248 221
207 249 212
207 254 194
207 318 220
207 323 202
207 330 209
207 342 207
208 6 189
208 35 196
208 48 214
208 53 208
208 105 200
208 112 217
208 113 191
208 140 189
208 156 202
208 226 208
208 237 182
208 238 203
208 258 183
208 270 204
208 304 201
208 305 203
208 313 183
208 324 218
208 334 182
209 6 185
209 70 189
209 150 208
209 154 211
209 170 214
209 207 216
209 246 194
209 310 220
209 323 212
209 353 196
209 359 184
209 382 201
209 393 217
210 37 214
210 71 194
210 83 204
210 134 188
210 135 214
210 150 197
210 248 192
210 252 191
210 265 205
210 283 215
210 285 186
210 338 219
210 351 215
210 371 185
210 378 181
211 27 206
211 47 220
211 50 195
211 81 195
211 107 218
211 108 190
211 156 183
211 175 182
211 190 217
211 196 215
211 199 211
211 286 183
211 303 203
211 314 202
211 315 219
211 360 197
211 400 214
212 16 209
212 27 197
212 29 221
212 70 190
212 81 212
212 146 200
212 177 199
212 183 191
212 267 194
212 294 186
212 319 212
212 368 220
212 373 184
213 9 190
213 12 186
213 55 205
213 57 198
213 68 217
213 81 184
213 82 194
213 90 212
213 92 187
213 110 219
213 116 220
213 122 184
213 137 211
213 183 189
213 203 206
213 205 209
213 218 211
213 224 220
213 277 194
213 315 187
213 317 200
213 344 215
213 355 201
213 374 212
213 381 185
214 23 202
214 54 193
214 64 218
214 97 206
214 101 202
214 142 215
214 166 193
214 175 184
214 195 207
214 266 192
214 268 208
214 304 199
214 328 207
214 393 214
214 396 208
215 37 213
215 46 205
215 47 202
215 80 182
215 90 209
215 100 211
215 120 180
215 124 184
215 128 208
215 162 180
215 187 198
215 286 215
215 289 199
215 294 182
215 358 212
215 378 214
215 382 220
215 393 207
215 400 202
216 1 216
216 6 217
216 12 204
216 15 191
216 16 213
216 33 198
216 56 211
216 61 208
216 84 194
216 86 186
216 98 197
216 117 217
216 125 201
216 147 216
216 158 181
216 159 190
216 162 208
216 221 186
216 223 221
216 264 199
216 273 199
216 286 219
216 297 205
216 309 198
216 316 212
216 334 191
216 337 214
217 4 196
217 12 183
217 37 182
217 61 206
217 63 187
217 66 190
217 85 189
217 89 193
217 95 182
217 130 197
217 142 190
217 160 181
217 185 214
217 206 203
217 220 215
217 223 198
217 237 192
217 238 187
217 247 209
217 251 217
217 259 205
217 283 202
217 307 206
217 316 196
217 336 187
217 348 196
217 355 214
217 373 204
217 374 209
218 38 208
218 57 195
218 60 214
218 91 196
218 96 217
218 105 202
218 117 219
218 155 184
218 192 221
218 197 201
218 203 208
218 215 214
218 304 195
218 314 197
218 325 187
218 329 191
218 353 215
218 373 199
218 379 198
218 388 183
219 10 198
219 15 180
219 27 207
219 57 201
219 69 218
219 70 216
219 129 202
219 131 183
219 132 184
219 134 201
219 141 218
219 228 216
219 244 199
219 264 194
219 266 211
219 287 184
219 309 193
219 320 209
219 330 216
220 6 205
220 36 202
220 45 202
220 47 209
220 51 193
220 102 193
220 104 207
220 109 193
220 142 211
220 146 184
220 147 215
220 150 182
220 261 189
220 308 202
220 314 201
220 317 212
220 354 208
220 369 211
220 370 184
221 5 218
221 9 214
221 27 200
221 44 189
221 46 200
221 69 201
221 70 219
221 79 188
221 87 206
221 98 208
221 117 209
221 129 201
221 190 206
221 207 196
221 224 210
221 239 199
221 252 199
221 261 209
221 297 184
221 298 207
221 315 209
221 343 186
221 373 219
221 401 188
222 9 198
222 18 182
222 19 210
222 22 212
222 25 211
222 41 187
222 107 180
222 121 217
222 125 216
222 136 184
222 140 221
222 160 188
222 175 191
222 178 218
222 208 200
222 226 191
222 232 204
222 237 221
222 241 191
222 258 215
222 269 216
222 274 184
222 279 201
222 285 193
222 312 204
222 314 193
222 316 181
222 327 218
222 349 207
222 366 193
223 14 196
223 62 214
223 105 212
223 110 205
223 182 204
223 220 199
223 231 180
223 254 205
223 273 191
223 297 205
223 313 215
223 348 189
223 360 199
223 369 220
224 1 198
224 7 209
224 8 189
224 10 218
224 83 209
224 92 205
224 97 205
224 106 198
224 128 181
224 149 201
224 167 210
224 213 211
224 274 192
224 275 195
224 299 191
224 341 218
224 360 201
224 367 211
224 397 211
224 400 219
225 36 218
225 70 217
225 92 207
225 113 204
225 124 189
225 128 190
225 144 192
225 160 195
225 164 185
225 170 195
225 206 220
225 236 196
225 243 184
225 259 191
225 262 202
225 277 217
225 281 197
225 282 195
225 314 191
225 316 216
225 320 209
225 321 217
225 324 216
225 334 195
225 387 199
226 11 207
226 12 206
226 42 194
226 49 208
226 60 188
226 69 217
226 86 183
226 96 211
226 100 219
226 105 187
226 128 210
226 137 202
226 157 196
226 178 218
226 189 212
226 207 185
226 260 219
226 267 211
226 290 184
226 306 206
226 331 184
226 345 185
226 361 180
226 397 188
227 52 210
227 57 205
227 68 220
227 73 184
227 123 187
227 133 207
227 134 195
227 147 203
227 153 198
227 156 197
227 164 195
227 186 216
227 194 208
227 199 220
227 206 210
227 264 205
227 280 201
227 286 208
227 314 191
227 321 191
227 338 194
227 357 211
227 367 221
227 391 192
228 27 217
228 53 216
228 106 209
228 148 203
228 159 194
228 187 206
228 210 202
228 224 200
228 235 218
228 245 190
228 265 215
228 287 202
228 294 217
228 306 186
228 325 202
228 349 181
228 362 207
228 380 197
229 23 198
229 28 213
229 33 220
229 46 187
229 48 184
229 53 184
229 61 217
229 80 199
229 104 198
229 106 203
229 113 196
229 125 193
229 148 181
229 187 180
229 305 216
229 333 200
229 344 181
229 359 216
229 376 183
229 378 192
230 6 216
230 13 182
230 30 185
230 49 209
230 84 202
230 124 202
230 140 214
230 149 194
230 150 210
230 155 214
230 159 211
230 174 184
230 213 183
230 214 212
230 222 194
230 227 213
230 238 219
230 245 187
230 253 196
230 258 207
230 267 211
230 281 217
230 291 184
230 320 196
230 364 206
230 375 204
230 379 184
231 6 183
231 50 185
231 58 182
231 66 209
231 79 217
231 96 205
231 135 200
231 180 213
231 248 213
231 255 188
231 284 190
231 293 205
231 329 180
231 340 203
231 341 217
232 38 189
232 68 182
232 69 205
232 81 201
232 88 190
232 89 216
232 94 190
232 97 206
232 106 215
232 115 187
232 124 214
232 145 196
232 146 188
232 159 198
232 168 209
232 169 219
232 196 217
232 237 180
232 243 215
232 296 193
232 303 221
232 317 183
232 333 214
232 356 197
232 364 200
232 382 212
233 33 213
233 35 193
233 94 217
233 106 215
233 182 189
233 184 186
233 198 204
233 292 216
233 296 201
233 329 197
233 336 203
233 358 198
234 9 180
234 31 182
234 37 191
234 72 192
234 96 192
234 157 214
234 220 192
234 221 201
234 255 200
234 283 215
234 293 191
234 300 207
234 350 196
234 371 181
234 374 220
235 9 190
235 12 198
235 13 220
235 17 188
235 22 206
235 71 180
235 82 213
235 134 197
235 145 191
235 234 209
235 242 186
235 272 209
235 284 215
235 304 199
235 316 210
235 318 184
235 326 183
235 359 189
235 365 209
235 368 207
235 370 196
236 2 190
236 22 211
236 39 203
236 42 198
236 47 218
236 48 203
236 58 192
236 73 202
236 79 204
236 129 220
236 145 197
236 190 189
236 191 207
236 216 197
236 220 218
236 227 205
236 276 192
236 325 204
236 328 205
236 330 205
236 350 197
236 389 181
237 10 201
237 61 200
237 71 186
237 72 195
237 123 208
237 131 183
237 132 199
237 163 189
237 184 205
237 193 210
237 204 190
237 247 191
237 267 191
237 332 183
237 333 198
237 347 217
237 364 185
238 1 186
238 4 183
238 17 207
238 24 182
238 34 182
238 61 193
238 68 210
238 99 180
238 100 195
238 120 189
238 178 219
238 190 208
238 253 206
238 267 189
238 282 211
238 303 213
238 323 201
238 347 200
238 357 183
238 362 192
238 367 214
238 369 188
238 380 204
238 381 185
238 382 184
239 31 203
239 33 191
239 55 217
239 64 211
239 67 184
239 76 210
239 96 185
239 104 216
239 108 182
239 112 216
239 118 191
239 121 202
239 139 204
239 165 219
239 172 212
239 183 180
239 191 195
239 197 190
239 199 180
239 216 217
239 249 199
239 299 206
239 391 213
240 14 188
240 19 189
240 27 209
240 55 221
240 68 205
240 77 211
240 81 220
240 93 192
240 114 198
240 145 192
240 175 214
240 177 209
240 178 210
240 198 186
240 214 210
240 216 221
240 218 206
240 239 211
240 335 213
240 342 220
240 364 203
240 376 206
241 33 198
241 49 185
241 60 210
241 81 194
241 103 184
241 110 181
241 137 201
241 153 203
241 217 189
241 239 209
241 262 199
241 283 220
241 325 207
241 339 214
241 341 212
241 350 187
242 41 187
242 108 184
242 109 194
242 118 192
242 142 208
242 145 194
242 163 190
242 172 215
242 183 189
242 202 200
242 207 198
242 260 184
242 274 198
242 286 193
242 344 211
242 354 208
242 374 188
243 13 194
243 30 186
243 47 198
243 57 191
243 58 188
243 68 181
243 71 202
243 79 193
243 89 190
243 189 220
243 196 219
243 209 208
243 229 203
243 234 219
243 247 206
243 278 184
243 283 187
243 290 180
243 322 216
243 330 190
243 331 211
243 353 200
243 356 210
243 368 200
243 400 188
244 19 199
244 22 219
244 47 206
244 56 215
244 59 186
244 61 207
244 65 180
244 86 212
244 121 218
244 140 192
244 152 219
244 165 216
244 184 186
244 191 195
244 235 187
244 272 198
244 387 207
244 400 219
245 2 190
245 14 180
245 35 198
245 57 210
245 60 198
245 72 217
245 91 220
245 93 197
245 159 189
245 165 197
245 180 189
245 206 188
245 217 190
245 228 199
245 239 182
245 281 193
245 295 206
245 324 190
245 339 194
245 368 216
245 373 184
245 384 203
245 388 180
245 395 200
245 401 185
246 31 210
246 58 195
246 70 192
246 74 195
246 77 184
246 92 180
246 94 218
246 105 206
246 122 219
246 140 202
246 145 210
246 151 211
246 245 185
246 271 203
246 312 183
246 371 193
246 382 189
246 385 185
246 398 197
247 5 181
247 25 214
247 36 193
247 51 207
247 52 214
247 56 218
247 69 195
247 84 211
247 92 219
247 100 221
247 108 180
247 134 190
247 163 181
247 165 184
247 174 215
247 176 200
247 204 214
247 210 190
247 223 199
247 243 213
247 258 186
247 284 195
247 285 212
247 309 203
247 311 217
247 316 209
247 319 186
247 333 216
247 348 211
248 34 219
248 35 210
248 116 189
248 127 202
248 137 190
248 144 218
248 178 199
248 206 201
248 207 187
248 253 203
248 308 219
248 369 197
248 382 197
248 390 180
248 393 187
249 30 198
249 41 215
249 48 181
249 82 190
249 150 220
249 153 193
249 156 215
249 203 198
249 211 195
249 255 189
249 277 219
249 290 209
249 292 182
249 316 196
249 320 218
249 326 216
249 345 205
249 374 183
250 1 195
250 2 211
250 9 204
250 25 212
250 35 207
250 39 190
250 63 217
250 80 210
250 83 181
250 133 221
250 178 216
250 192 212
250 194 190
250 206 182
250 231 205
250 248 212
250 272 181
250 289 191
250 383 200
251 4 214
251 20 215
251 68 221
251 71 206
251 75 214
251 86 215
251 119 199
251 127 192
251 130 188
251 145 200
251 152 219
251 169 190
251 188 181
251 194 207
251 202 205
251 268 211
251 284 182
251 307 201
251 326 184
251 375 206
251 386 191
251 395 214
252 31 197
252 36 180
252 39 183
252 54 182
252 68 187
252 108 199
252 116 208
252 148 202
252 155 208
252 164 187
252 224 200
252 239 204
252 248 191
252 265 210
252 283 209
252 290 185
252 310 214
252 320 183
252 321 203
252 332 188
252 335 192
252 356 199
252 361 214
252 366 206
252 370 216
253 48 193
253 93 200
253 94 214
253 121 207
253 125 185
253 152 215
253 153 207
253 173 192
253 185 209
253 198 182
253 202 182
253 271 198
253 319 181
253 357 199
253 365 185
253 370 211
253 376 201
253 379 199
253 381 219
254 1 183
254 10 190
254 25 187
254 47 186
254 50 189
254 58 201
254 60 202
254 89 180
254 103 188
254 110 209
254 123 183
254 126 203
254 139 216
254 144 208
254 164 190
254 182 181
254 201 221
254 212 200
254 260 219
254 273 189
254 312 221
254 315 192
254 316 219
254 349 193
254 356 208
254 380 196
254 385 219
255 4 210
255 40 190
255 47 206
255 57 212
255 122 190
255 152 212
255 181 189
255 199 204
255 213 186
255 233 189
255 241 184
255 272 220
255 296 201
255 308 184
255 332 215
255 334 186
255 350 202
255 360 191
255 366 192
255 368 207
256 156 205
256 198 211
256 249 187
256 250 218
256 271 187
256 282 187
256 297 184
256 298 206
256 313 203
256 350 202
256 354 187
256 369 181
256 397 202
257 10 195
257 80 185
257 104 196
257 108 202
257 129 180
257 131 207
257 135 219
257 147 184
257 158 200
257 170 204
257 187 180
257 195 189
257 220 192
257 249 200
257 285 180
257 287 186
257 297 203
257 319 208
257 329 190
257 333 220
257 344 221
257 383 215
258 26 217
258 37 180
258 51 218
258 69 210
258 73 186
258 109 180
258 118 212
258 122 198
258 165 198
258 170 219
258 174 202
258 216 191
258 261 197
258 271 184
258 295 193
258 310 191
258 314 209
258 318 210
258 319 186
258 340 198
258 355 205
258 360 188
258 395 191
259 4 180
259 9 218
259 17 190
259 34 219
259 95 193
259 116 213
259 140 207
259 161 201
259 162 192
259 168 180
259 185 221
259 194 219
259 249 194
259 262 188
259 278 192
259 291 201
259 295 180
259 304 213
259 315 210
259 338 210
259 345 194
259 348 192
259 352 180
259 369 182
260 7 215
260 32 194
260 38 185
260 70 208
260 77 208
260 79 218
260 84 210
260 99 187
260 116 220
260 121 206
260 125 198
260 128 221
260 137 198
260 146 216
260 150 218
260 187 202
260 208 181
260 210 194
260 214 197
260 236 189
260 265 186
260 319 207
260 329 213
260 372 199
260 380 182
260 382 198
261 5 182
261 10 186
261 18 194
261 62 194
261 92 185
261 164 209
261 165 206
261 172 184
261 186 190
261 214 186
261 246 220
261 254 188
261 380 200
261 384 192
261 387 220
261 390 205
262 1 221
262 18 217
262 68 186
262 133 217
262 136 211
262 137 218
262 313 206
262 327 194
262 353 203
263 2 191
263 3 201
263 11 191
263 29 194
263 57 189
263 107 204
263 137 217
263 166 190
263 209 198
263 279 209
263 283 181
263 307 191
263 313 183
263 345 198
263 372 221
263 379 180
263 386 213
263 389 206
263 401 192
264 4 214
264 22 201
264 47 185
264 59 198
264 84 201
264 86 192
264 107 214
264 129 180
264 138 202
264 172 195
264 184 197
264 205 207
264 280 208
264 286 186
264 295 182
264 296 194
264 323 221
264 334 191
264 339 207
264 341 214
264 352 186
264 362 185
264 376 182
264 379 199
265 74 190
265 117 204
265 162 185
265 183 213
265 196 215
265 240 214
265 264 192
265 267 208
265 279 196
265 301 189
265 342 216
265 364 217
265 370 190
265 375 201
265 398 221
266 1 188
266 23 215
266 43 186
266 44 209
266 52 181
266 66 192
266 175 191
266 209 212
266 224 187
266 251 191
266 256 217
266 264 190
266 285 209
266 286 219
266 290 215
266 327 220
266 335 182
266 384 218
266 396 198
267 17 182
267 50 192
267 61 184
267 63 199
267 84 203
267 118 191
267 126 206
267 158 204
267 184 208
267 195 199
267 196 214
267 205 209
267 225 195
267 237 188
267 241 202
267 245 216
267 250 212
267 304 206
267 332 200
267 351 211
268 45 199
268 71 205
268 93 201
268 109 192
268 133 209
268 136 212
268 155 188
268 192 187
268 204 189
268 256 216
268 303 186
268 330 183
268 385 198
268 393 206
269 3 194
269 63 210
269 74 202
269 81 214
269 90 190
269 95 186
269 108 220
269 118 203
269 130 219
269 140 215
269 177 196
269 206 208
269 258 212
269 308 181
269 314 183
269 322 187
269 325 202
269 365 216
269 373 219
269 385 210
270 100 199
270 132 198
270 135 184
270 144 185
270 195 200
270 198 217
270 209 181
270 246 199
270 247 205
270 253 195
270 306 217
270 343 201
270 348 215
270 357 208
270 360 214
270 396 195
271 32 199
271 56 213
271 71 219
271 119 202
271 134 188
271 166 183
271 170 180
271 183 193
271 189 193
271 241 219
271 243 194
271 296 196
271 307 194
271 313 192
271 334 207
271 342 216
271 353 204
271 368 210
271 389 204
272 16 195
272 22 183
272 53 182
272 57 182
272 80 194
272 151 211
272 210 201
272 224 210
272 225 219
272 229 186
272 233 186
272 258 211
272 289 217
272 319 203
272 326 184
272 342 212
272 373 219
272 397 195
273 14 212
273 39 210
273 60 205
273 69 206
273 77 194
273 87 203
273 98 181
273 106 201
273 107 206
273 108 192
273 143 204
273 174 208
273 177 182
273 215 183
273 231 220
273 249 220
273 268 207
273 287 220
273 300 184
273 316 212
273 323 205
273 341 198
273 348 200
273 395 187
273 399 215
274 3 183
274 15 203
274 42 180
274 55 195
274 83 189
274 87 193
274 110 207
274 120 198
274 138 219
274 145 181
274 153 209
274 180 185
274 238 181
274 250 220
274 253 197
274 258 218
274 259 183
274 268 215
274 286 220
274 301 217
274 303 205
274 314 217
274 342 203
274 357 188
274 382 182
275 7 201
275 22 218
275 54 211
275 60 213
275 61 203
275 75 197
275 79 196
275 92 202
275 101 209
275 107 203
275 114 217
275 126 217
275 139 214
275 176 193
275 192 187
275 230 189
275 259 190
275 260 188
275 288 187
275 322 199
275 372 204
275 385 191
276 4 193
276 6 208
276 23 191
276 29 195
276 36 195
276 38 197
276 49 219
276 96 190
276 137 202
276 152 193
276 171 193
276 177 217
276 179 182
276 188 193
276 189 193
276 228 202
276 241 190
276 273 195
276 274 197
276 278 205
276 328 202
276 330 211
276 338 182
276 341 188
276 350 214
276 385 200
277 14 208
277 51 219
277 115 214
277 161 214
277 175 212
277 217 219
277 237 206
277 279 200
277 305 220
277 312 200
277 322 208
277 348 220
277 379 209
277 380 215
278 28 215
278 35 203
278 91 187
278 97 183
278 156 213
278 243 204
278 271 185
278 283 191
278 293 185
278 300 189
278 353 217
278 362 186
278 371 221
278 375 200
278 394 208
279 59 186
279 81 207
279 92 204
279 124 193
279 126 210
279 130 194
279 145 184
279 147 190
279 153 199
279 154 182
279 211 213
279 216 215
279 223 202
279 247 213
279 251 187
279 263 214
279 287 204
279 319 205
279 376 221
279 391 187
280 14 217
280 100 199
280 101 185
280 112 209
280 120 203
280 132 218
280 144 219
280 159 191
280 224 198
280 292 196
280 345 202
280 365 194
280 398 182
281 9 211
281 15 185
281 17 221
281 36 215
281 39 206
281 51 187
281 62 181
281 66 195
281 100 184
281 117 221
281 119 212
281 125 206
281 155 198
281 238 218
281 247 207
281 280 212
281 288 219
281 307 204
281 372 183
281 382 192
282 16 181
282 78 209
282 85 194
282 109 214
282 157 189
282 170 208
282 188 192
282 190 202
282 193 208
282 208 198
282 229 180
282 249 189
282 289 201
282 315 210
282 327 189
282 331 210
282 341 212
282 360 221
282 363 206
282 377 196
282 397 181
283 31 214
283 47 218
283 101 217
283 109 212
283 131 220
283 136 210
283 159 192
283 207 191
283 215 202
283 224 200
283 260 182
283 294 220
283 297 210
283 380 199
283 395 181
284 16 180
284 32 182
284 88 206
284 100 188
284 103 184
284 133 201
284 134 190
284 139 199
284 207 210
284 220 214
284 240 196
284 245 205
284 295 203
284 298 195
284 317 194
284 335 195
284 357 210
284 391 192
284 398 190
284 400 190
285 10 182
285 11 214
285 13 196
285 67 193
285 166 221
285 210 198
285 216 213
285 217 191
285 229 193
285 232 215
285 247 214
285 249 211
285 258 208
285 279 208
285 280 207
285 283 217
285 287 197
285 311 188
285 325 201
285 351 213
285 390 219
286 0 190
286 15 202
286 29 203
286 33 195
286 68 203
286 115 210
286 132 209
286 145 203
286 158 206
286 179 193
286 200 212
286 243 212
286 273 186
286 305 214
286 330 206
286 347 201
286 352 181
286 380 212
286 394 197
286 400 221
287 71 211
287 93 211
287 106 180
287 121 209
287 127 209
287 154 214
287 220 210
287 302 185
287 328 191
287 364 218
287 368 214
287 378 192
288 7 181
288 15 209
288 50 186
288 85 208
288 87 211
288 140 183
288 144 221
288 152 203
288 171 197
288 181 213
288 197 218
288 223 214
288 235 182
288 276 196
288 278 199
288 283 209
288 300 205
288 318 218
288 358 197
288 377 214
288 380 219
289 28 193
289 46 184
289 76 199
289 89 199
289 127 201
289 137 215
289 179 196
289 181 193
289 232 182
289 354 216
289 372 201
290 4 182
290 15 202
290 19 194
290 41 185
290 44 218
290 45 210
290 53 200
290 54 217
290 88 206
290 138 187
290 140 207
290 147 182
290 159 219
290 178 213
290 179 209
290 238 206
290 265 192
290 291 195
290 307 187
290 330 200
290 336 182
290 337 187
290 352 200
290 357 208
290 363 189
290 364 209
290 381 184
290 394 206
291 2 188
291 51 198
291 76 188
291 81 193
291 100 209
291 123 219
291 133 206
291 178 187
291 190 199
291 193 213
291 199 221
291 271 189
291 272 219
291 297 180
291 314 203
291 331 211
291 337 199
291 340 182
291 341 184
291 367 214
291 375 200
291 377 199
291 401 187
292 8 201
292 19 205
292 84 189
292 92 217
292 143 202
292 156 193
292 158 213
292 164 199
292 176 186
292 181 209
292 212 189
292 219 182
292 223 221
292 238 215
292 250 219
292 295 216
292 307 181
292 321 209
292 322 208
292 361 195
292 374 220
292 386 218
292 392 206
293 3 202
293 10 218
293 15 188
293 22 218
293 24 209
293 38 189
293 86 189
293 92 184
293 117 207
293 122 221
293 129 196
293 130 189
293 133 220
293 166 191
293 170 207
293 191 208
293 201 196
293 205 213
293 219 188
293 239 184
293 245 188
293 246 185
293 274 181
293 280 201
293 298 197
293 306 189
293 355 216
293 358 180
293 381 209
293 392 214
294 6 194
294 54 220
294 62 188
294 90 214
294 110 220
294 119 187
294 130 185
294 142 197
294 204 213
294 215 218
294 217 199
294 221 181
294 240 221
294 273 202
294 276 194
294 321 202
294 345 214
294 360 186
294 371 190
294 394 203
294 399 206
295 73 184
295 97 213
295 123 209
295 150 206
295 196 221
295 218 195
295 273 215
295 281 182
295 297 181
295 301 215
295 340 201
295 397 207
296 20 189
296 28 212
296 33 186
296 40 195
296 64 186
296 82 221
296 93 212
296 107 197
296 133 196
296 161 220
296 239 197
296 250 213
296 259 211
296 272 197
296 325 215
297 3 206
297 38 197
297 73 207
297 81 202
297 83 220
297 95 193
297 103 200
297 113 217
297 138 181
297 142 201
297 184 187
297 195 213
297 200 192
297 222 204
297 227 218
297 236 210
297 261 212
297 265 204
297 266 187
297 267 219
297 303 209
297 309 200
297 317 220
297 321 208
297 347 216
297 378 215
297 385 193
297 388 205
297 401 209
298 3 216
298 21 217
298 36 221
298 38 197
298 46 205
298 59 206
298 65 181
298 94 207
298 101 215
298 102 191
298 105 214
298 137 196
298 167 188
298 170 204
298 187 209
298 222 189
298 259 197
298 307 199
298 322 191
298 337 200
298 380 207
298 391 208
299 64 181
299 71 184
299 85 184
299 94 182
299 95 202
299 110 211
299 125 213
299 132 180
299 133 195
299 162 196
299 163 209
299 255 192
299 264 214
299 280 218
299 342 213
299 371 197
300 14 208
300 35 212
300 48 214
300 58 213
300 69 188
300 74 219
300 108 214
300 113 186
300 128 210
300 154 213
300 157 204
300 172 194
300 194 188
300 247 192
300 282 188
300 320 196
300 327 200
300 363 193
300 388 215
300 392 188
301 3 221
301 10 198
301 19 221
301 20 201
301 26 208
301 29 196
301 31 182
301 47 187
301 51 194
301 53 202
301 57 199
301 81 183
301 122 201
301 135 208
301 137 184
301 138 216
301 148 202
301 165 181
301 174 191
301 216 190
301 220 187
301 228 196
301 238 214
301 241 218
301 242 190
301 284 200
301 317 217
301 328 203
301 329 201
301 334 195
301 350 201
301 367 211
301 381 199
302 3 215
302 63 184
302 70 186
302 71 201
302 76 181
302 80 212
302 92 205
302 130 200
302 150 215
302 160 182
302 162 201
302 201 198
302 274 181
302 330 200
302 333 186
302 334 186
302 350 181
302 362 182
302 394 214
303 11 209
303 20 191
303 76 189
303 108 211
303 120 195
303 122 184
303 123 218
303 165 211
303 209 192
303 211 220
303 253 185
303 268 205
303 269 193
303 362 220
303 365 180
303 383 186
304 6 191
304 9 187
304 18 192
304 66 182
304 68 188
304 90 213
304 95 200
304 98 199
304 102 210
304 125 217
304 149 220
304 174 205
304 218 195
304 219 197
304 236 194
304 239 213
304 285 196
304 291 189
304 295 186
304 309 214
304 311 212
304 313 213
304 353 198
304 360 181
304 370 181
304 385 197
304 390 180
305 4 218
305 11 203
305 13 214
305 50 197
305 58 184
305 112 199
305 118 207
305 121 207
305 130 194
305 160 210
305 172 184
305 173 205
305 176 213
305 179 208
305 183 183
305 199 191
305 214 204
305 215 182
305 233 219
305 260 208
305 263 216
305 289 190
305 290 195
305 311 209
305 338 186
305 343 196
305 358 190
305 367 182
305 372 207
305 375 210
306 63 192
306 69 211
306 84 206
306 85 190
306 95 216
306 98 196
306 103 191
306 111 197
306 144 199
306 184 192
306 186 203
306 196 199
306 205 193
306 210 201
306 251 206
306 254 182
306 265 186
306 295 204
306 318 191
306 334 217
306 362 221
306 383 212
307 6 205
307 56 187
307 70 204
307 71 194
307 118 201
307 131 196
307 138 218
307 145 188
307 168 219
307 222 200
307 256 185
307 257 199
307 260 180
307 261 190
307 322 193
307 336 217
307 341 205
307 386 181
307 387 195
307 400 205
308 24 187
308 30 187
308 55 193
308 69 219
308 85 200
308 89 193
308 99 195
308 113 198
308 135 209
308 145 191
308 155 208
308 161 200
308 169 207
308 183 200
308 190 185
308 223 189
308 243 206
308 250 180
308 251 190
308 259 211
308 278 199
308 286 186
308 288 220
308 293 208
308 309 186
308 322 202
308 346 183
308 358 184
308 365 217
308 367 208
308 385 211
308 390 199
308 392 203
309 11 219
309 13 192
309 15 196
309 45 207
309 60 196
309 88 200
309 92 200
309 110 193
309 111 198
309 119 218
309 138 191
309 142 208
309 203 202
309 220 196
309 233 216
309 241 194
309 285 185
309 362 185
309 370 187
309 388 216
309 398 221
310 19 196
310 32 180
310 56 213
310 77 206
310 88 204
310 118 189
310 121 181
310 133 185
310 139 197
310 148 198
310 218 220
310 226 195
310 265 206
310 279 205
310 283 192
310 321 208
310 325 214
310 328 204
310 330 206
310 337 213
310 390 208
310 396 184
310 401 205
311 4 181
311 13 216
311 16 182
311 26 181
311 100 182
311 129 191
311 137 211
311 151 214
311 152 214
311 172 180
311 229 217
311 263 182
311 268 209
311 269 218
311 312 180
311 331 219
311 361 190
312 47 182
312 52 199
312 146 219
312 152 205
312 162 202
312 166 215
312 190 208
312 209 187
312 221 219
312 227 211
312 242 202
312 244 185
312 270 205
312 274 219
312 283 183
312 288 213
312 356 186
312 359 207
312 361 212
312 376 182
312 382 198
313 2 182
313 34 181
313 38 200
313 45 200
313 69 199
313 96 215
313 100 193
313 117 208
313 122 186
313 129 201
313 153 218
313 159 221
313 161 211
313 238 217
313 249 218
313 283 199
313 293 206
313 297 194
313 319 192
313 320 193
313 333 181
314 21 201
314 31 207
314 191 204
314 204 188
314 214 182
314 239 183
314 268 188
314 279 204
314 283 190
314 285 181
314 290 208
314 293 214
314 304 193
314 308 181
314 345 214
314 347 197
314 353 200
314 360 191
314 372 219
315 0 214
315 87 182
315 99 193
315 101 204
315 147 205
315 165 200
315 168 185
315 180 213
315 186 218
315 245 184
315 283 191
315 287 191
315 356 188
315 374 190
316 17 213
316 32 186
316 36 218
316 67 215
316 95 214
316 115 218
316 148 215
316 173 220
316 176 187
316 219 210
316 275 185
316 330 190
316 357 213
316 362 205
316 367 221
316 383 190
317 32 180
317 80 213
317 125 216
317 127 212
317 132 198
317 140 201
317 230 182
317 259 181
317 266 192
317 290 201
317 305 218
317 313 209
317 314 206
317 354 184
317 363 216
317 384 182
317 399 202
318 7 214
318 59 191
318 62 197
318 65 202
318 92 198
318 113 208
318 115 184
318 128 195
318 135 201
318 168 211
318 185 217
318 222 186
318 275 184
318 310 194
318 322 215
318 345 189
318 385 182
319 28 219
319 32 188
319 55 209
319 87 209
319 88 205
319 90 201
319 94 219
319 96 221
319 121 217
319 126 191
319 127 211
319 137 185
319 154 201
319 176 197
319 215 188
319 219 196
319 228 183
319 237 213
319 263 205
319 276 194
319 286 218
319 313 211
319 323 211
319 332 181
319 338 204
319 368 218
319 394 187
319 396 220
320 3 201
320 15 197
320 29 209
320 37 189
320 40 199
320 68 219
320 89 185
320 90 215
320 95 183
320 97 215
320 126 221
320 135 202
320 136 196
320 151 219
320 180 217
320 190 183
320 197 184
320 215 215
320 219 191
320 222 184
320 253 210
320 259 182
320 287 195
320 318 200
320 349 196
320 352 221
320 361 221
320 377 207
320 399 186
321 21 214
321 24 200
321 38 189
321 51 218
321 78 190
321 81 209
321 92 183
321 181 209
321 197 195
321 205 202
321 208 210
321 221 212
321 262 213
321 302 200
321 305 204
321 319 219
321 371 190
321 373 211
322 7 220
322 10 217
322 42 210
322 44 219
322 52 205
322 100 185
322 111 183
322 124 205
322 127 216
322 142 193
322 144 205
322 185 198
322 208 191
322 221 216
322 225 218
322 233 196
322 271 184
322 286 188
322 293 192
322 351 201
322 397 185
323 17 199
323 30 184
323 31 205
323 42 199
323 79 184
323 83 202
323 89 199
323 104 195
323 124 203
323 129 208
323 142 205
323 174 203
323 215 220
323 216 202
323 221 198
323 235 218
323 243 180
323 332 217
323 349 215
324 7 206
324 32 190
324 97 199
324 98 194
324 109 185
324 133 220
324 146 190
324 233 219
324 255 187
324 288 185
324 387 205
324 396 210
325 6 198
325 39 204
325 42 193
325 70 211
325 71 210
325 89 197
325 196 211
325 230 189
325 231 199
325 247 202
325 273 215
325 282 220
325 283 209
325 340 219
325 343 205
325 378 200
325 390 194
326 1 220
326 8 210
326 25 219
326 31 207
326 34 216
326 41 189
326 65 195
326 82 186
326 103 216
326 108 191
326 118 185
326 121 195
326 141 214
326 165 198
326 172 190
326 181 191
326 209 206
326 228 189
326 247 188
326 267 184
326 280 204
326 284 186
326 299 220
326 353 208
326 361 215
326 373 221
326 382 218
327 66 204
327 101 199
327 156 216
327 173 205
327 193 180
327 208 209
327 220 209
327 230 204
327 236 212
327 242 196
327 264 206
327 271 203
327 340 217
327 359 184
327 360 220
328 23 206
328 25 220
328 81 195
328 91 197
328 109 189
328 113 208
328 135 205
328 144 220
328 159 204
328 180 217
328 192 203
328 215 220
328 221 211
328 243 218
328 248 220
328 285 182
328 313 204
328 332 182
328 352 216
328 359 219
328 376 206
329 20 203
329 29 211
329 111 182
329 118 186
329 129 191
329 152 191
329 175 187
329 197 210
329 204 206
329 205 183
329 224 211
329 230 208
329 247 204
329 248 200
329 270 195
329 295 189
329 296 203
329 332 196
329 347 193
329 349 191
329 359 204
330 2 186
330 16 194
330 43 219
330 44 208
330 61 202
330 74 209
330 75 205
330 87 209
330 99 185
330 125 210
330 131 191
330 151 191
330 179 197
330 185 207
330 186 202
330 196 181
330 209 200
330 244 192
330 293 187
330 298 215
330 299 212
330 303 186
330 343 207
330 348 189
330 369 180
330 386 198
330 400 213
331 26 185
331 70 199
331 79 208
331 93 189
331 121 209
331 133 206
331 142 184
331 146 195
331 182 214
331 215 210
331 242 212
331 278 205
331 283 210
331 311 206
331 317 204
331 342 196
331 361 200
331 377 186
331 396 203
332 31 215
332 41 191
332 96 181
332 116 219
332 121 190
332 123 192
332 126 204
332 151 209
332 191 205
332 213 213
332 219 180
332 242 214
332 259 218
332 273 204
332 308 188
332 315 217
332 333 188
332 353 217
332 382 214
332 400 215
333 20 208
333 41 188
333 95 220
333 161 189
333 197 204
333 253 212
333 295 183
333 346 202
333 348 198
333 356 193
333 371 206
334 38 191
334 89 181
334 90 218
334 113 195
334 117 201
334 161 186
334 163 191
334 201 182
334 223 210
334 243 195
334 247 205
334 257 183
334 273 213
334 344 181
334 361 188
334 367 221
334 391 202
335 2 200
335 48 211
335 49 212
335 51 206
335 68 195
335 138 212
335 153 205
335 178 185
335 189 199
335 211 216
335 229 202
335 251 183
335 280 181
335 295 185
335 327 204
335 359 214
335 374 193
335 379 193
336 34 213
336 36 188
336 41 216
336 58 184
336 89 186
336 101 187
336 110 212
336 119 198
336 123 212
336 134 217
336 148 195
336 160 213
336 161 209
336 166 191
336 188 186
336 197 191
336 209 199
336 212 189
336 214 186
336 287 201
336 296 207
336 297 215
336 300 195
336 320 185
336 350 181
336 379 196
336 399 200
336 400 213
336 401 204
337 31 212
337 45 197
337 60 183
337 71 213
337 75 214
337 78 186
337 91 214
337 102 201
337 108 190
337 149 202
337 170 206
337 183 198
337 202 206
337 205 214
337 211 217
337 230 180
337 248 199
337 251 194
337 267 198
337 277 216
337 297 180
337 304 193
337 309 198
337 311 192
337 323 210
337 382 199
337 389 202
337 398 186
338 4 200
338 10 207
338 33 217
338 38 213
338 89 184
338 94 211
338 110 213
338 160 195
338 165 182
338 208 208
338 223 209
338 227 211
338 245 218
338 261 181
338 268 213
338 313 213
338 325 184
338 327 210
338 337 200
338 340 197
338 383 181
339 12 205
339 62 193
339 92 186
339 112 219
339 117 216
339 149 207
339 203 186
339 312 194
339 343 188
339 349 202
339 351 213
340 47 185
340 57 185
340 86 221
340 94 185
340 100 203
340 130 199
340 142 221
340 149 207
340 150 195
340 153 182
340 177 190
340 191 211
340 203 207
340 210 216
340 220 205
340 237 213
340 261 183
340 275 214
340 376 213
340 380 200
341 3 192
341 5 198
341 11 191
341 39 190
341 45 198
341 47 221
341 55 218
341 82 206
341 87 207
341 149 219
341 188 214
341 190 207
341 208 209
341 252 191
341 285 208
341 291 188
341 292 197
341 320 216
341 329 214
342 2 207
342 36 219
342 57 204
342 66 190
342 131 207
342 153 181
342 181 180
342 222 199
342 243 192
342 254 203
342 262 200
342 273 219
342 286 183
342 292 192
342 306 213
342 316 193
342 332 204
342 350 219
342 360 198
342 369 214
342 373 216
342 374 205
342 381 212
342 383 210
343 38 209
343 48 183
343 67 184
343 68 192
343 81 190
343 135 189
343 139 213
343 170 198
343 194 192
343 204 205
343 207 214
343 229 202
343 261 184
343 262 213
343 298 211
343 315 200
343 349 218
343 354 212
343 374 185
343 375 184
343 380 180
343 398 201
344 7 203
344 39 186
344 45 206
344 58 205
344 96 181
344 107 191
344 130 180
344 164 181
344 183 217
344 191 218
344 215 200
344 227 211
344 245 180
344 253 190
344 267 180
344 274 211
344 327 206
344 358 203
344 359 218
344 367 194
344 385 180
344 398 214
345 41 193
345 59 196
345 72 188
345 93 204
345 154 202
345 158 208
345 197 180
345 245 190
345 269 221
345 270 208
345 286 191
345 395 182
346 12 194
346 24 197
346 45 209
346 89 187
346 97 199
346 101 200
346 111 196
346 123 215
346 126 212
346 175 220
346 183 185
346 217 209
346 262 198
346 315 216
346 355 193
346 358 203
346 360 180
346 386 198
346 395 190
347 17 215
347 27 218
347 61 209
347 62 213
347 75 183
347 99 207
347 106 212
347 109 190
347 124 193
347 135 180
347 210 185
347 246 189
347 263 204
347 266 184
347 284 220
347 388 215
348 4 189
348 7 210
348 10 189
348 13 216
348 15 203
348 20 196
348 22 206
348 30 198
348 46 216
348 49 213
348 61 209
348 92 197
348 95 212
348 100 201
348 163 211
348 171 185
348 174 206
348 196 198
348 242 188
348 254 218
348 255 197
348 341 201
348 376 212
348 379 197
349 15 181
349 19 188
349 29 205
349 30 195
349 32 208
349 56 193
349 75 195
349 83 197
349 101 203
349 129 219
349 139 221
349 163 201
349 164 219
349 171 206
349 235 199
349 267 221
349 300 215
349 306 184
349 334 198
349 384 180
349 391 215
350 28 186
350 45 210
350 131 190
350 185 187
350 188 183
350 198 185
350 207 221
350 231 200
350 234 221
350 246 184
350 254 187
350 311 214
350 324 216
350 335 207
350 379 180
351 6 188
351 19 190
351 42 213
351 64 208
351 103 207
351 120 188
351 137 195
351 155 204
351 186 188
351 216 210
351 258 221
351 289 207
351 373 183
351 377 183
352 42 214
352 60 181
352 87 181
352 118 221
352 144 214
352 165 200
352 203 215
352 205 190
352 220 197
352 234 220
352 248 194
352 265 211
352 270 219
352 301 214
352 330 197
352 332 194
353 37 203
353 140 185
353 159 191
353 172 211
353 185 221
353 202 199
353 225 188
353 229 199
353 244 191
353 258 212
353 283 195
353 300 184
353 304 196
353 359 181
353 384 182
353 387 197
354 36 198
354 44 204
354 47 182
354 52 200
354 90 204
354 91 209
354 94 220
354 107 186
354 153 204
354 162 213
354 235 197
354 260 211
354 276 186
354 279 214
354 305 182
354 348 214
354 376 211
354 378 209
354 380 198
354 392 190
355 5 183
355 14 188
355 15 211
355 35 215
355 64 182
355 96 221
355 115 187
355 116 193
355 144 207
355 175 206
355 187 205
355 190 187
355 232 211
355 240 185
355 265 212
355 271 201
355 280 208
355 284 214
355 329 194
355 336 208
355 366 186
355 382 204
355 400 184
356 2 187
356 14 180
356 70 221
356 86 200
356 95 211
356 96 187
356 114 184
356 139 195
356 158 220
356 178 183
356 190 211
356 200 189
356 284 209
356 291 211
356 296 180
356 309 201
356 317 190
356 324 217
356 340 182
356 345 193
356 363 209
356 372 185
356 385 218
356 394 206
357 15 198
357 16 206
357 17 197
357 20 194
357 45 187
357 100 218
357 117 187
357 143 203
357 148 194
357 175 215
357 180 204
357 195 182
357 260 209
357 272 205
357 274 205
357 285 220
357 294 199
357 317 194
357 378 208
357 384 210
357 388 205
358 6 192
358 15 219
358 24 210
358 43 199
358 45 209
358 67 207
358 97 215
358 155 216
358 156 191
358 166 187
358 204 193
358 216 192
358 222 199
358 258 205
358 286 211
358 299 184
358 368 192
358 382 202
358 399 190
359 26 208
359 93 191
359 106 217
359 121 208
359 163 198
359 170 221
359 182 217
359 207 204
359 209 194
359 215 180
359 218 203
359 225 216
359 261 186
359 262 184
359 270 199
359 273 183
359 305 200
359 311 213
359 315 203
359 327 185
359 334 209
359 358 182
359 396 211
360 18 217
360 19 195
360 29 221
360 41 186
360 56 219
360 128 192
360 173 220
360 181 208
360 207 201
360 216 186
360 239 207
360 249 212
360 255 189
360 307 188
360 310 184
361 32 217
361 39 211
361 44 218
361 52 194
361 103 188
361 112 204
361 155 208
361 159 184
361 162 220
361 163 221
361 192 207
361 207 196
361 222 221
361 271 211
361 298 208
361 323 195
361 362 198
362 19 207
362 34 187
362 57 217
362 86 194
362 118 189
362 163 211
362 200 202
362 226 196
362 251 180
362 273 191
362 341 201
362 345 181
362 349 206
362 350 211
362 388 206
363 41 213
363 61 191
363 92 182
363 154 198
363 191 193
363 200 214
363 214 183
363 217 192
363 224 183
363 232 192
363 248 194
363 250 209
363 257 212
363 270 192
363 300 204
363 319 189
363 325 180
363 328 208
363 343 211
363 372 208
363 401 220
364 13 215
364 35 183
364 39 209
364 41 198
364 66 195
364 78 195
364 85 211
364 89 212
364 112 212
364 149 184
364 169 210
364 194 188
364 227 192
364 249 207
364 300 218
364 336 206
365 16 212
365 21 198
365 25 192
365 74 183
365 88 183
365 117 180
365 136 221
365 159 220
365 211 201
365 221 188
365 243 211
365 289 205
365 333 188
365 346 210
365 358 196
365 361 219
365 366 193
365 371 199
365 381 209
365 385 184
365 387 197
365 398 203
365 399 204
366 27 193
366 31 220
366 33 180
366 42 211
366 62 187
366 68 220
366 76 216
366 82 218
366 83 208
366 97 195
366 101 189
366 122 181
366 149 195
366 171 186
366 236 210
366 271 211
366 288 193
366 304 214
366 400 213
367 3 181
367 6 180
367 13 190
367 40 205
367 43 210
367 49 205
367 57 212
367 66 215
367 73 194
367 111 190
367 112 221
367 116 220
367 124 207
367 128 211
367 131 219
367 140 210
367 221 180
367 251 187
367 302 199
367 334 181
368 6 188
368 8 181
368 18 200
368 53 189
368 70 183
368 84 184
368 99 215
368 119 200
368 120 196
368 138 205
368 149 192
368 171 213
368 232 207
368 235 181
368 247 182
368 257 185
368 265 188
368 321 186
368 351 200
368 352 211
368 377 198
368 390 194
368 392 189
369 2 194
369 17 203
369 20 210
369 48 194
369 97 218
369 129 199
369 134 195
369 156 219
369 162 206
369 170 205
369 180 200
369 184 205
369 205 206
369 225 212
369 251 213
369 270 214
369 288 189
369 332 220
369 334 201
369 336 209
369 378 192
370 27 197
370 54 192
370 71 189
370 101 194
370 114 185
370 165 206
370 216 207
370 274 201
370 315 189
370 344 217
370 356 216
370 368 199
370 372 210
370 383 181
370 393 215
370 396 206
371 10 183
371 65 214
371 85 215
371 90 202
371 111 198
371 116 180
371 157 206
371 171 183
371 176 213
371 215 197
371 244 200
371 268 208
371 269 194
371 278 184
371 291 201
371 299 221
371 310 201
371 331 190
371 366 200
371 373 199
371 376 207
371 379 215
371 395 205
372 10 197
372 59 210
372 71 184
372 76 186
372 99 207
372 108 180
372 109 196
372 146 212
372 166 184
372 184 212
372 189 182
372 212 202
372 218 206
372 219 213
372 231 193
372 246 204
372 262 212
372 275 197
372 289 186
372 292 183
372 296 184
372 311 199
372 335 218
372 342 212
372 373 216
372 383 200
372 391 220
373 67 205
373 107 189
373 140 212
373 144 214
373 157 216
373 162 185
373 166 188
373 172 217
373 190 194
373 191 187
373 212 195
373 219 221
373 230 187
373 232 183
373 275 211
373 299 184
373 328 185
373 341 206
373 348 194
373 350 195
373 354 221
373 364 189
373 396 215
374 1 213
374 62 202
374 69 193
374 82 184
374 97 219
374 98 195
374 128 196
374 130 217
374 133 196
374 173 189
374 193 183
374 218 207
374 226 195
374 230 197
374 234 189
374 244 199
374 291 216
374 327 219
374 331 182
374 339 185
374 342 188
374 362 210
374 378 189
374 389 182
374 395 186
374 400 193
375 9 196
375 10 216
375 17 205
375 32 198
375 50 209
375 109 187
375 110 217
375 120 185
375 136 189
375 157 206
375 162 189
375 187 188
375 208 198
375 216 201
375 229 209
375 349 184
375 378 213
376 7 207
376 13 181
376 17 193
376 22 215
376 26 221
376 47 203
376 66 212
376 76 200
376 95 220
376 110 186
376 113 220
376 125 213
376 167 190
376 209 202
376 210 184
376 225 209
376 226 220
376 262 197
376 263 206
376 275 206
376 304 192
376 310 187
376 350 210
376 367 196
377 7 199
377 52 190
377 55 199
377 56 196
377 84 203
377 90 187
377 135 191
377 139 210
377 191 216
377 205 182
377 208 219
377 219 186
377 235 212
377 247 201
377 285 214
377 326 215
377 343 182
377 352 213
377 388 185
377 399 200
378 15 181
378 59 217
378 62 219
378 63 200
378 104 216
378 121 203
378 124 192
378 126 214
378 202 206
378 258 210
378 284 206
378 304 187
378 345 198
378 357 216
378 372 211
379 11 199
379 35 184
379 70 214
379 75 205
379 82 181
379 85 182
379 89 188
379 111 211
379 113 184
379 162 186
379 169 187
379 170 201
379 174 209
379 176 208
379 228 198
379 263 181
379 267 210
379 268 194
379 270 190
379 318 214
379 324 215
379 372 182
379 375 201
379 380 206
379 394 199
380 14 209
380 24 198
380 62 198
380 77 220
380 82 214
380 113 211
380 133 187
380 137 209
380 139 212
380 156 210
380 157 180
380 168 214
380 172 182
380 198 188
380 228 213
380 233 184
380 267 214
380 291 206
380 298 209
380 302 184
380 319 210
380 350 183
380 356 189
380 361 220
380 367 181
381 14 211
381 29 215
381 56 202
381 65 191
381 67 206
381 116 212
381 127 189
381 128 183
381 145 207
381 195 208
381 206 210
381 209 183
381 244 197
381 245 197
381 261 205
381 266 193
381 294 181
381 298 199
381 300 188
381 312 190
381 347 216
381 352 208
381 365 210
382 9 210
382 53 181
382 68 191
382 85 197
382 90 196
382 100 191
382 120 184
382 125 211
382 160 199
382 169 191
382 181 182
382 184 213
382 190 191
382 225 200
382 262 196
382 304 190
382 326 208
382 334 211
382 358 202
382 361 185
382 384 220
383 12 203
383 19 200
383 79 197
383 113 200
383 125 197
383 150 194
383 154 209
383 168 211
383 190 203
383 219 213
383 220 221
383 221 193
383 287 217
383 294 181
383 296 212
383 321 202
383 343 186
384 11 209
384 34 204
384 67 187
384 72 216
384 76 205
384 86 202
384 113 218
384 143 198
384 146 217
384 196 180
384 210 221
384 241 182
384 243 221
384 244 191
384 253 195
384 271 218
384 313 215
384 330 218
384 366 200
384 372 211
384 401 218
385 14 190
385 23 200
385 42 203
385 48 218
385 49 190
385 53 201
385 54 202
385 55 221
385 73 185
385 120 217
385 130 194
385 135 220
385 137 191
385 144 201
385 149 184
385 178 198
385 216 186
385 260 206
385 267 200
385 293 201
385 309 199
385 369 213
385 381 193
385 382 189
386 1 186
386 70 182
386 99 213
386 115 207
386 123 185
386 124 221
386 125 204
386 130 206
386 134 218
386 145 198
386 160 210
386 192 200
386 197 184
386 215 205
386 249 214
386 293 189
386 332 219
386 346 184
386 351 189
386 354 221
386 364 202
386 368 180
386 372 196
386 382 180
386 399 181
386 400 213
387 22 190
387 58 191
387 60 215
387 63 210
387 90 198
387 93 201
387 113 201
387 132 183
387 145 196
387 154 212
387 207 198
387 231 219
387 237 212
387 266 181
387 299 211
387 300 181
387 320 205
387 323 215
387 339 190
387 355 220
387 389 190
388 11 212
388 48 217
388 50 215
388 70 180
388 106 207
388 143 211
388 165 208
388 183 182
388 192 213
388 209 199
388 234 187
388 239 201
388 241 187
388 243 202
388 252 180
388 253 195
388 286 199
388 302 190
388 303 207
388 325 206
388 348 208
388 361 220
388 374 205
388 385 207
389 51 218
389 58 195
389 62 191
389 65 186
389 82 185
389 98 189
389 122 199
389 125 209
389 131 193
389 172 188
389 177 207
389 194 190
389 210 205
389 236 189
389 241 181
389 244 182
389 247 196
389 309 198
389 323 212
389 328 216
389 381 221
389 395 203
390 2 207
390 6 220
390 29 213
390 47 202
390 62 209
390 75 212
390 110 187
390 127 183
390 128 206
390 129 209
390 131 190
390 143 187
390 185 206
390 238 207
390 256 182
390 285 185
390 295 210
390 315 208
391 60 180
391 77 208
391 78 204
391 100 221
391 104 180
391 116 206
391 131 221
391 151 211
391 210 187
391 211 203
391 219 213
391 227 202
391 229 193
391 236 182
391 248 187
391 280 218
391 281 197
391 296 212
391 317 213
391 320 216
391 346 221
391 354 212
391 374 180
391 380 197
392 53 192
392 54 215
392 61 194
392 92 182
392 96 190
392 108 212
392 111 201
392 115 221
392 117 210
392 120 198
392 130 208
392 225 196
392 233 185
392 262 201
392 282 194
392 289 221
392 307 187
392 318 180
392 326 187
392 328 188
392 377 185
392 386 189
392 397 183
393 12 216
393 27 209
393 74 208
393 131 197
393 134 211
393 142 214
393 167 185
393 194 186
393 216 218
393 294 194
393 328 208
393 330 213
393 349 214
393 355 213
393 367 193
393 375 194
394 15 185
394 16 193
394 20 185
394 56 182
394 58 197
394 84 210
394 95 200
394 108 207
394 126 201
394 129 201
394 142 194
394 166 186
394 177 186
394 209 205
394 233 218
394 249 220
394 285 198
394 313 214
394 319 186
394 326 221
394 350 200
394 359 213
394 401 201
395 47 189
395 59 204
395 75 206
395 88 206
395 123 203
395 158 197
395 165 221
395 189 217
395 203 202
395 266 209
395 278 188
395 283 213
395 315 192
395 335 184
395 349 203
395 353 219
395 356 204
395 374 188
395 380 214
395 383 197
396 16 198
396 30 201
396 67 183
396 71 201
396 92 217
396 95 199
396 105 202
396 124 196
396 149 181
396 150 217
396 172 216
396 193 194
396 204 215
396 287 220
396 327 180
396 330 181
396 373 185
396 392 197
397 2 195
397 33 182
397 48 197
397 68 218
397 86 215
397 96 210
397 100 203
397 101 200
397 201 203
397 238 218
397 246 189
397 272 220
397 292 187
397 316 198
397 317 189
397 319 205
397 392 207
398 27 188
398 58 180
398 89 194
398 90 212
398 97 193
398 103 197
398 111 191
398 114 214
398 165 208
398 166 198
398 182 181
398 208 218
398 231 200
398 240 193
398 258 194
398 342 190
398 348 216
398 362 201
398 378 208
398 393 187
399 12 194
399 67 197
399 74 204
399 94 219
399 118 193
399 124 193
399 139 194
399 177 205
399 189 211
399 213 197
399 246 220
399 327 185
399 329 182
399 367 205
399 372 209
399 377 214
400 10 218
400 13 215
400 24 205
400 25 188
400 50 185
400 80 203
400 91 183
400 115 219
400 128 194
400 137 221
400 182 207
400 185 192
400 191 195
400 219 211
400 233 218
400 252 202
400 279 213
400 307 216
400 309 201
400 341 188
400 350 215
400 355 221
400 356 187
401 26 221
401 41 208
401 74 196
401 88 213
401 91 195
401 96 210
401 99 217
401 104 201
401 114 194
401 121 215
401 192 185
401 199 200
401 207 181
401 228 217
401 254 185
401 262 215
401 276 213
401 326 204
401 351 183
401 364 200
401 371 191
401 399 194
