300
0 20 137
0 78 165
0 95 140
0 134 154
0 160 156
0 163 165
0 180 137
0 204 164
0 291 160
1 9 157
1 14 149
1 32 140
1 34 141
1 69 137
1 81 143
1 136 153
1 165 139
1 169 135
1 170 140
1 180 144
1 186 150
1 192 144
1 193 145
1 197 141
1 198 142
1 207 162
1 223 159
1 231 153
1 256 156
1 298 158
2 8 164
2 26 152
2 29 138
2 30 141
2 66 161
2 74 135
2 77 156
2 95 144
2 101 163
2 109 147
2 114 144
2 149 164
2 156 156
2 177 151
2 189 155
2 206 136
2 210 148
2 220 160
2 249 139
2 265 151
2 295 163
2 299 155
3 8 164
3 32 138
3 113 162
3 135 138
3 150 162
3 152 152
3 193 136
3 194 149
3 201 156
3 202 156
3 206 161
3 216 162
3 232 152
3 237 144
3 268 142
3 281 161
3 297 158
4 41 150
4 54 143
4 55 155
4 58 140
4 69 135
4 80 163
4 87 158
4 151 144
4 171 143
4 185 147
4 190 141
4 198 153
4 232 142
4 247 136
4 254 150
4 257 140
4 269 162
4 277 144
4 299 143
5 9 149
5 15 160
5 18 154
5 27 155
5 36 164
5 39 161
5 48 150
5 94 135
5 95 147
5 117 162
5 128 142
5 134 163
5 138 164
5 147 151
5 150 140
5 160 139
5 176 147
5 195 135
5 197 165
5 203 136
5 215 150
5 218 141
5 225 137
5 230 158
5 234 141
5 247 164
5 258 154
5 291 143
6 1 156
6 22 159
6 25 161
6 31 149
6 42 157
6 76 139
6 78 140
6 88 144
6 96 141
6 103 143
6 110 139
6 111 143
6 128 158
6 132 149
6 150 138
6 174 159
6 186 148
6 204 162
6 232 135
6 233 141
6 237 151
6 253 136
6 281 161
6 288 150
7 24 145
7 32 143
7 55 159
7 114 146
7 135 147
7 144 162
7 160 157
7 166 150
7 197 156
7 229 159
7 258 151
7 261 157
7 266 152
7 291 142
8 11 156
8 20 150
8 22 138
8 28 155
8 39 164
8 78 162
8 145 136
8 202 157
8 231 149
8 268 159
9 13 136
9 15 135
9 28 149
9 37 160
9 82 164
9 86 135
9 101 162
9 124 161
9 131 158
9 145 143
9 151 165
9 158 155
9 178 152
9 179 161
9 184 160
9 200 158
9 208 165
9 245 145
9 264 164
9 283 159
9 294 156
9 296 137
10 0 159
10 5 135
10 30 139
10 49 151
10 83 162
10 96 159
10 121 147
10 132 155
10 149 138
10 208 152
10 227 136
10 228 138
10 254 163
11 12 139
11 14 138
11 26 147
11 28 150
11 43 156
11 57 140
11 83 139
11 85 159
11 110 149
11 115 152
11 157 151
11 178 151
11 194 165
11 218 152
11 224 142
11 228 140
11 261 144
11 280 159
11 296 150
12 16 153
12 27 163
12 57 153
12 72 142
12 77 139
12 84 158
12 125 159
12 147 146
12 180 150
12 209 139
12 230 154
12 259 153
12 260 158
12 290 152
13 3 147
13 7 161
13 26 135
13 50 141
13 117 158
13 121 154
13 173 157
13 178 158
13 183 150
13 198 148
13 209 142
13 223 165
13 232 165
13 243 158
13 254 158
13 275 163
14 47 164
14 73 159
14 80 150
14 83 160
14 104 138
14 137 141
14 150 158
14 169 145
14 170 150
14 189 146
14 225 156
14 256 154
14 272 159
14 277 159
14 280 142
15 2 148
15 13 137
15 25 138
15 32 146
15 40 140
15 41 152
15 53 154
15 68 154
15 80 146
15 84 140
15 105 150
15 120 145
15 125 138
15 166 147
15 181 150
15 225 137
15 246 156
15 271 138
15 290 140
16 37 164
16 47 147
16 56 151
16 78 159
16 95 142
16 108 143
16 120 150
16 140 165
16 161 160
16 177 143
16 181 155
16 233 143
16 251 141
16 271 161
17 10 158
17 23 160
17 44 147
17 155 152
17 172 165
17 182 158
17 187 142
17 224 143
17 232 148
17 278 165
17 286 154
18 20 152
18 44 141
18 67 151
18 123 148
18 175 161
18 195 165
18 201 152
18 208 149
18 230 143
18 238 144
18 271 162
18 283 159
18 296 151
19 9 144
19 44 138
19 91 142
19 95 158
19 99 149
19 118 160
19 139 142
19 140 140
19 142 137
19 148 163
19 166 135
19 181 162
19 203 149
19 211 151
19 215 142
19 286 161
20 14 143
20 33 163
20 48 161
20 51 156
20 81 142
20 88 148
20 99 137
20 107 151
20 108 145
20 121 141
20 202 147
20 209 145
20 230 161
20 245 159
20 252 155
20 254 147
20 258 140
20 270 150
20 282 138
21 58 161
21 77 144
21 137 136
21 143 151
21 180 147
21 186 161
21 200 147
21 236 141
21 238 151
21 256 164
21 270 137
21 294 141
22 6 147
22 64 153
22 79 142
22 87 136
22 105 163
22 116 162
22 136 142
22 160 136
22 193 164
22 238 136
22 244 139
22 254 159
23 2 149
23 11 158
23 39 137
23 42 141
23 69 152
23 79 145
23 85 147
23 113 149
23 118 146
23 119 143
23 191 155
23 222 140
23 227 136
23 249 137
23 261 145
23 262 148
23 264 144
24 2 154
24 46 154
24 52 148
24 60 146
24 79 151
24 81 162
24 132 141
24 142 152
24 179 142
24 219 162
24 240 160
24 246 152
24 287 146
24 298 138
25 29 149
25 51 158
25 104 145
25 131 143
25 133 164
25 142 159
25 197 138
25 201 163
25 258 144
25 261 140
25 269 155
26 70 140
26 104 145
26 123 135
26 125 148
26 132 155
26 150 147
26 160 138
26 183 165
26 190 145
26 197 144
26 224 135
26 263 164
26 280 155
27 11 162
27 38 153
27 68 140
27 70 152
27 108 147
27 118 163
27 119 140
27 135 141
27 149 147
27 158 148
27 160 135
27 195 152
27 200 143
27 228 138
27 250 143
27 292 153
28 3 164
28 5 135
28 19 142
28 127 136
28 147 148
28 150 161
28 158 161
28 187 135
28 210 162
28 229 150
28 297 158
29 4 144
29 40 137
29 44 161
29 56 161
29 62 152
29 82 165
29 100 147
29 138 155
29 152 155
29 186 139
29 206 136
29 212 161
29 221 136
29 229 140
29 272 157
29 278 136
30 11 150
30 27 156
30 33 161
30 87 159
30 119 151
30 120 137
30 132 165
30 150 153
30 177 162
30 180 163
30 255 165
30 273 160
30 280 140
30 287 152
31 36 150
31 62 156
31 73 159
31 109 141
31 112 140
31 145 147
31 184 147
31 185 153
31 191 135
31 197 139
31 200 136
31 206 152
31 215 162
31 217 142
31 220 164
31 235 152
31 260 140
31 269 155
31 274 142
31 290 147
32 20 162
32 21 160
32 24 140
32 29 149
32 74 140
32 81 139
32 115 136
32 158 151
32 169 162
32 172 141
32 192 150
32 214 139
32 220 152
32 227 151
32 234 139
32 245 155
32 247 158
33 2 139
33 15 145
33 63 144
33 71 139
33 81 146
33 107 151
33 119 155
33 134 138
33 136 157
33 144 157
33 148 148
33 171 155
33 176 146
33 225 163
34 32 139
34 36 157
34 50 154
34 78 135
34 112 153
34 121 156
34 122 155
34 126 140
34 133 158
34 170 138
34 181 162
34 183 147
34 196 141
34 204 159
34 264 157
34 275 159
34 289 147
34 296 162
34 299 136
35 13 163
35 21 165
35 38 146
35 54 145
35 61 158
35 72 153
35 85 161
35 109 162
35 115 157
35 134 150
35 194 138
35 203 159
35 211 165
35 216 136
35 289 162
35 298 147
36 7 162
36 66 149
36 89 142
36 173 150
36 174 143
36 179 137
36 250 147
36 253 158
36 283 150
36 286 137
36 289 151
37 11 150
37 30 159
37 64 163
37 78 139
37 105 138
37 122 158
37 190 159
37 197 151
37 221 148
37 248 164
37 298 141
38 13 161
38 30 138
38 39 155
38 49 156
38 50 155
38 90 163
38 127 157
38 177 158
38 180 142
38 189 152
38 191 162
38 195 156
38 196 142
38 197 153
38 224 158
38 238 163
38 257 135
38 276 164
39 6 137
39 19 142
39 33 160
39 49 151
39 62 157
39 87 138
39 96 145
39 119 139
39 136 142
39 209 135
39 219 144
39 221 160
39 240 145
39 249 145
39 254 153
39 260 165
39 283 161
40 8 139
40 14 155
40 38 161
40 51 165
40 62 155
40 99 136
40 133 152
40 140 161
40 154 158
40 166 159
40 167 141
40 169 139
40 172 147
40 186 159
40 195 142
40 199 151
40 216 146
40 221 148
40 225 146
40 282 148
41 26 153
41 29 136
41 45 143
41 114 153
41 122 161
41 126 163
41 180 140
41 214 154
41 218 157
41 245 158
42 19 140
42 22 156
42 31 157
42 103 139
42 138 154
42 154 138
42 156 144
42 213 148
42 219 158
42 227 152
42 235 149
42 251 157
42 270 160
42 292 150
42 299 149
43 15 161
43 41 138
43 65 154
43 138 150
43 201 146
43 204 141
43 226 143
43 228 146
43 278 148
43 281 135
43 286 144
43 298 162
44 9 157
44 28 138
44 48 149
44 61 155
44 63 159
44 82 155
44 104 149
44 121 160
44 135 149
44 183 161
44 189 157
44 195 156
44 201 150
44 207 148
44 208 146
44 226 145
44 283 138
44 287 141
45 7 142
45 16 146
45 21 145
45 34 146
45 51 161
45 70 141
45 105 145
45 116 151
45 130 142
45 137 149
45 166 157
45 201 148
45 226 142
45 233 153
45 255 145
46 19 162
46 37 155
46 50 150
46 64 142
46 70 143
46 84 156
46 126 158
46 131 149
46 145 146
46 147 136
46 149 165
46 230 140
46 292 157
47 23 165
47 70 149
47 71 144
47 100 153
47 117 158
47 123 148
47 125 151
47 140 162
47 153 141
47 157 150
47 163 159
47 180 152
47 185 163
47 198 163
47 210 140
47 267 154
48 15 135
48 18 154
48 19 162
48 28 136
48 57 153
48 71 165
48 73 144
48 104 162
48 108 149
48 134 152
48 158 149
48 161 149
48 171 161
48 178 160
48 190 154
48 247 148
48 259 158
48 283 140
49 12 161
49 15 152
49 19 140
49 51 154
49 100 139
49 101 143
49 112 164
49 203 164
49 219 151
49 229 149
49 273 139
49 278 156
49 285 156
49 296 138
49 299 165
50 53 141
50 66 137
50 69 136
50 105 156
50 136 144
50 194 150
50 199 142
50 202 161
50 223 157
50 259 162
50 278 163
50 282 142
50 289 140
50 293 143
51 16 146
51 25 161
51 32 150
51 35 140
51 55 137
51 90 154
51 129 142
51 131 158
51 187 143
51 201 135
51 221 153
51 225 150
51 256 146
52 1 150
52 30 165
52 93 147
52 101 156
52 105 144
52 110 155
52 115 144
52 122 161
52 172 155
52 176 144
52 202 148
52 221 143
52 260 157
52 291 147
52 294 142
53 31 147
53 44 148
53 97 141
53 99 162
53 105 154
53 130 140
53 161 151
53 177 147
53 180 158
53 188 163
53 262 135
53 273 159
53 289 142
54 6 159
54 23 151
54 29 137
54 41 141
54 55 135
54 62 152
54 69 145
54 83 146
54 98 165
54 174 158
54 223 139
54 224 163
54 236 143
54 254 145
54 290 161
54 296 149
55 12 144
55 37 157
55 42 165
55 51 158
55 68 140
55 76 156
55 144 164
55 157 145
55 172 136
55 185 140
55 218 140
55 283 154
55 290 163
56 11 145
56 23 140
56 65 135
56 69 142
56 128 150
56 132 142
56 238 136
56 248 150
56 249 138
56 257 161
57 10 163
57 28 136
57 64 157
57 67 165
57 117 151
57 126 142
57 157 151
57 165 154
57 175 158
57 196 140
57 206 152
57 232 160
57 241 153
57 276 157
57 278 163
58 7 163
58 9 163
58 25 141
58 32 159
58 35 165
58 65 148
58 85 164
58 99 161
58 127 136
58 158 140
58 194 153
58 238 153
58 292 155
59 27 137
59 56 143
59 96 145
59 161 147
59 174 136
59 223 149
59 244 148
59 246 147
59 250 149
59 252 163
59 290 135
59 293 137
60 11 154
60 14 153
60 18 148
60 41 147
60 93 156
60 109 135
60 112 139
60 116 159
60 127 152
60 146 146
60 179 156
60 216 141
60 218 162
60 260 143
60 264 135
61 46 156
61 65 138
61 70 152
61 87 156
61 118 135
61 125 164
61 149 150
61 168 155
61 175 150
61 231 136
61 250 136
61 258 160
61 261 160
62 5 161
62 9 159
62 127 135
62 145 153
62 169 141
62 170 138
62 174 138
62 186 137
62 202 144
62 203 159
62 219 151
62 250 162
62 255 153
62 274 141
63 8 136
63 27 162
63 34 146
63 36 135
63 43 156
63 60 142
63 86 160
63 89 164
63 91 149
63 102 147
63 160 143
63 169 135
63 170 135
63 278 157
63 296 147
64 15 148
64 21 144
64 42 139
64 72 135
64 81 141
64 175 160
64 222 162
64 255 141
64 259 136
64 279 136
64 297 155
65 19 144
65 58 152
65 63 139
65 106 135
65 115 158
65 123 162
65 125 159
65 141 143
65 148 135
65 153 145
65 178 150
65 185 143
65 206 159
65 210 159
65 223 162
65 236 154
66 7 139
66 16 159
66 78 136
66 87 138
66 170 160
66 204 138
66 207 165
66 221 152
66 236 154
66 254 139
66 263 150
66 282 136
67 24 159
67 31 149
67 44 165
67 55 156
67 62 152
67 102 137
67 125 145
67 144 151
67 148 153
67 215 159
67 218 139
67 234 140
67 240 140
67 262 151
67 277 146
67 279 154
67 288 164
68 49 150
68 125 154
68 133 144
68 144 161
68 186 151
68 197 149
68 201 138
68 241 141
68 260 135
68 275 161
68 292 148
69 5 145
69 43 148
69 73 157
69 90 140
69 117 163
69 144 140
69 145 154
69 158 138
69 174 151
69 196 136
69 247 152
69 266 144
69 281 156
70 4 147
70 19 135
70 21 152
70 42 153
70 47 150
70 102 153
70 118 139
70 138 135
70 160 140
70 206 150
70 243 147
70 257 136
70 271 146
70 272 162
70 276 161
70 281 158
70 282 161
71 4 155
71 19 155
71 23 145
71 35 137
71 68 150
71 93 144
71 124 145
71 127 137
71 139 163
71 161 150
71 165 152
71 181 152
71 197 162
71 211 156
71 262 161
71 265 142
71 268 163
71 282 136
71 284 156
72 49 146
72 57 149
72 59 159
72 89 143
72 97 158
72 153 141
72 176 152
72 206 159
72 218 140
72 235 152
72 236 152
72 278 165
72 296 157
73 21 161
73 22 155
73 45 157
73 53 161
73 68 142
73 78 136
73 83 156
73 99 151
73 118 152
73 202 160
73 205 160
73 226 137
73 271 150
73 283 161
73 288 156
74 11 159
74 28 136
74 41 146
74 61 138
74 82 142
74 98 154
74 129 156
74 144 145
74 145 135
74 177 137
74 201 165
74 227 155
74 250 140
75 53 149
75 60 163
75 62 144
75 87 162
75 103 140
75 113 150
75 114 161
75 125 159
75 136 148
75 137 164
75 157 135
75 158 143
75 212 136
75 273 143
75 292 140
76 10 162
76 13 136
76 62 142
76 83 150
76 145 151
76 163 150
76 221 159
76 242 142
76 243 139
76 251 165
76 262 144
76 269 155
77 75 140
77 108 138
77 154 162
77 182 151
77 194 156
77 205 142
77 219 150
77 246 162
77 264 141
77 266 139
77 273 141
77 288 140
77 289 163
77 291 161
78 28 147
78 48 162
78 58 140
78 82 146
78 137 142
78 171 153
78 181 161
78 187 142
78 249 144
78 261 162
78 262 152
78 267 149
79 28 159
79 41 144
79 51 138
79 71 159
79 93 139
79 125 149
79 161 156
79 193 139
79 202 140
79 270 141
80 47 145
80 81 144
80 98 161
80 116 138
80 138 141
80 160 162
80 163 152
80 173 152
80 181 149
80 213 163
80 229 163
80 234 152
80 277 150
81 4 139
81 12 160
81 36 150
81 91 146
81 103 142
81 106 138
81 114 157
81 117 140
81 122 144
81 123 151
81 126 164
81 130 140
81 135 165
81 143 140
81 156 144
81 193 137
81 213 150
81 259 150
81 275 163
81 280 163
81 289 139
81 299 147
82 4 161
82 11 149
82 26 148
82 54 145
82 63 144
82 67 155
82 85 144
82 87 145
82 94 164
82 95 144
82 138 160
82 163 164
82 169 142
82 200 154
82 212 156
82 215 145
82 216 145
82 233 150
82 256 143
82 280 162
82 284 150
82 286 157
82 297 162
83 9 151
83 34 144
83 35 150
83 60 149
83 73 146
83 84 141
83 90 150
83 96 163
83 98 157
83 117 163
83 138 157
83 176 137
83 181 140
83 182 141
83 210 164
83 215 141
83 266 141
83 276 142
84 29 146
84 80 154
84 95 162
84 130 141
84 134 135
84 205 152
84 219 136
84 220 158
84 272 138
85 2 156
85 18 148
85 25 157
85 88 165
85 99 154
85 136 146
85 139 143
85 148 162
85 150 156
85 160 165
85 185 146
85 189 135
85 195 159
85 197 140
85 234 154
85 252 156
85 256 163
85 272 156
85 298 158
86 16 152
86 19 141
86 31 162
86 48 150
86 49 150
86 62 160
86 63 161
86 100 136
86 103 141
86 108 135
86 133 160
86 138 158
86 144 159
86 212 162
86 218 155
86 228 148
86 229 163
86 234 138
86 235 165
86 250 139
86 299 160
87 38 149
87 44 160
87 58 137
87 88 138
87 101 135
87 119 138
87 122 165
87 128 158
87 178 136
87 186 162
87 189 163
87 193 136
87 221 150
87 233 139
87 241 136
87 273 159
88 82 147
88 94 159
88 132 157
88 155 158
88 207 164
88 210 144
88 247 138
88 248 144
88 255 142
88 262 151
88 295 161
89 12 148
89 124 135
89 125 152
89 128 161
89 165 160
89 171 152
89 181 147
89 187 160
89 204 147
89 205 152
89 229 161
89 233 143
89 235 137
89 254 164
89 258 140
89 262 158
89 267 152
90 46 157
90 82 159
90 85 152
90 105 136
90 123 151
90 137 142
90 146 163
90 151 158
90 166 164
90 191 163
90 214 164
90 285 144
91 13 144
91 20 155
91 29 148
91 31 140
91 36 144
91 41 153
91 67 150
91 79 160
91 134 154
91 198 151
91 204 137
91 226 146
91 234 138
91 254 162
91 293 145
91 297 150
92 10 141
92 57 142
92 77 144
92 79 138
92 112 164
92 178 162
92 187 155
92 193 140
92 209 135
92 241 155
92 242 155
92 247 157
92 250 155
92 278 162
93 8 149
93 42 149
93 52 140
93 56 145
93 74 143
93 91 161
93 100 156
93 112 162
93 154 135
93 160 146
93 180 150
93 213 155
93 247 165
93 267 151
93 279 147
93 280 135
93 291 138
93 298 151
94 35 156
94 42 158
94 58 144
94 64 164
94 90 157
94 142 159
94 146 157
94 160 150
94 178 159
94 183 146
94 196 160
94 231 162
94 232 135
94 239 150
94 262 156
94 273 144
95 48 153
95 67 159
95 117 147
95 121 159
95 129 144
95 133 160
95 155 153
95 198 148
95 202 140
95 223 150
95 238 159
95 291 165
95 294 153
96 9 139
96 19 136
96 30 145
96 40 160
96 43 140
96 52 154
96 65 158
96 98 146
96 126 162
96 148 144
96 153 143
96 183 151
96 189 163
96 224 147
96 232 163
96 241 164
96 246 136
96 254 159
96 262 157
96 281 158
96 282 162
96 289 144
96 298 150
97 5 160
97 12 138
97 15 163
97 48 165
97 49 150
97 56 149
97 57 162
97 106 158
97 111 150
97 120 161
97 152 159
97 168 161
97 209 146
97 213 138
98 17 136
98 64 146
98 72 149
98 79 165
98 99 136
98 131 135
98 156 140
98 223 149
98 259 156
98 271 160
98 299 139
99 15 152
99 22 153
99 39 162
99 42 156
99 46 156
99 63 144
99 68 157
99 126 162
99 127 164
99 193 157
99 194 137
99 214 164
99 234 149
99 246 148
99 252 164
99 282 149
99 288 156
99 295 136
100 2 154
100 13 135
100 17 140
100 70 144
100 73 137
100 84 159
100 98 137
100 134 137
100 142 142
100 169 136
100 185 159
100 199 149
100 209 149
100 213 141
100 248 152
100 284 147
101 5 162
101 12 148
101 33 154
101 47 137
101 68 139
101 120 144
101 124 135
101 133 136
101 140 159
101 162 161
101 165 158
101 175 141
101 177 143
101 201 156
101 212 154
101 231 137
101 289 151
102 9 148
102 11 164
102 15 159
102 30 148
102 38 143
102 58 163
102 65 159
102 68 141
102 76 151
102 96 153
102 104 160
102 150 148
102 163 135
102 170 152
102 257 158
102 275 159
103 0 142
103 8 161
103 69 142
103 105 159
103 114 164
103 119 135
103 149 155
103 159 146
103 160 160
103 168 135
103 186 142
103 200 164
103 202 152
103 225 154
103 227 138
103 237 147
103 292 135
104 19 154
104 28 141
104 43 153
104 45 146
104 47 156
104 197 145
104 222 143
104 249 148
104 250 145
104 254 151
104 261 142
104 268 152
104 285 139
104 299 146
105 11 151
105 21 153
105 22 144
105 41 146
105 95 139
105 116 148
105 126 158
105 145 165
105 162 156
105 202 165
105 212 148
105 255 145
105 271 141
105 279 164
105 299 152
106 21 150
106 42 155
106 43 146
106 55 151
106 69 143
106 84 135
106 109 157
106 111 145
106 131 163
106 163 163
106 167 158
106 222 158
106 227 162
106 272 135
106 274 138
106 291 154
106 295 135
106 298 142
107 11 138
107 30 157
107 36 147
107 38 138
107 95 143
107 155 146
107 196 156
107 198 153
107 202 161
107 216 162
107 240 144
107 242 149
107 263 139
107 280 155
107 286 137
107 293 151
108 24 148
108 29 148
108 34 163
108 113 141
108 138 162
108 202 154
108 204 164
108 212 162
108 217 150
108 223 139
108 243 143
108 246 165
108 254 139
108 265 141
108 269 145
108 276 149
109 3 142
109 47 162
109 84 159
109 120 135
109 132 161
109 155 146
109 184 165
109 272 143
109 273 150
110 15 148
110 24 146
110 25 148
110 61 140
110 94 160
110 132 148
110 135 137
110 137 135
110 168 146
110 173 158
110 190 157
110 212 151
110 213 142
110 218 141
110 257 163
110 259 161
110 294 159
111 6 145
111 62 158
111 66 145
111 73 145
111 103 160
111 122 136
111 131 162
111 165 156
111 172 147
111 215 156
111 238 164
111 262 151
111 289 160
112 2 140
112 5 156
112 12 160
112 14 138
112 22 158
112 42 144
112 80 160
112 92 147
112 94 140
112 100 144
112 104 140
112 130 152
112 136 164
112 149 154
112 206 143
112 216 137
112 219 162
112 224 146
112 245 139
112 262 142
112 286 156
113 9 142
113 17 145
113 44 145
113 46 159
113 66 153
113 103 141
113 145 156
113 163 140
113 185 159
113 215 140
113 220 165
113 265 164
114 0 149
114 12 152
114 63 142
114 115 157
114 128 158
114 183 141
114 197 141
114 200 154
114 230 163
114 235 150
114 267 142
115 8 150
115 31 164
115 39 156
115 40 146
115 60 155
115 66 165
115 70 158
115 72 148
115 76 149
115 90 150
115 92 155
115 95 151
115 98 153
115 108 163
115 112 163
115 131 153
115 185 155
115 187 145
115 210 156
115 263 158
115 299 144
116 28 150
116 29 158
116 50 161
116 51 135
116 58 152
116 89 153
116 104 138
116 152 136
116 200 144
116 230 143
116 241 145
116 248 161
116 287 135
116 298 153
117 3 150
117 31 158
117 83 164
117 89 155
117 143 140
117 150 135
117 151 143
117 167 156
117 205 162
117 239 155
117 270 149
117 296 164
118 46 160
118 64 153
118 99 156
118 161 137
118 196 149
118 270 153
118 274 147
118 293 150
118 297 156
119 25 139
119 26 140
119 70 139
119 84 140
119 99 136
119 121 153
119 141 137
119 142 146
119 162 145
119 176 157
119 191 136
119 251 147
119 259 147
119 267 164
119 270 157
119 276 165
119 284 165
120 6 152
120 15 151
120 57 139
120 74 158
120 103 144
120 117 135
120 159 148
120 219 140
120 231 161
120 236 141
120 249 140
120 279 154
120 285 149
120 297 136
121 23 162
121 69 150
121 72 143
121 76 152
121 142 157
121 150 142
121 198 136
121 237 136
121 245 151
121 251 160
122 38 158
122 48 154
122 72 160
122 77 161
122 90 144
122 106 162
122 118 139
122 160 140
122 163 140
122 165 140
122 170 146
122 179 135
122 182 152
122 190 137
122 201 159
122 216 149
122 258 164
122 259 137
122 278 163
122 286 152
123 18 162
123 29 155
123 33 158
123 49 158
123 74 147
123 77 143
123 99 147
123 100 158
123 115 144
123 121 143
123 136 153
123 169 141
123 220 155
123 243 159
123 268 154
123 288 153
123 298 156
124 30 158
124 35 142
124 36 143
124 49 145
124 77 135
124 94 138
124 120 136
124 144 161
124 153 138
124 160 143
124 166 139
124 187 135
124 217 137
124 228 147
124 236 165
124 256 135
124 276 160
125 25 139
125 74 146
125 88 141
125 96 153
125 105 139
125 144 159
125 190 152
125 193 164
125 217 156
125 230 149
125 231 136
125 264 161
126 67 135
126 74 150
126 80 152
126 93 159
126 124 153
126 136 149
126 139 139
126 216 147
126 227 145
126 256 146
126 263 154
126 265 137
126 273 157
126 279 148
126 283 136
127 29 154
127 46 157
127 84 163
127 90 160
127 133 156
127 155 135
127 178 160
127 182 160
127 215 145
127 239 161
127 242 153
127 267 149
127 271 155
127 291 164
127 294 146
128 21 136
128 25 155
128 33 156
128 36 146
128 39 143
128 65 137
128 70 163
128 134 162
128 170 162
128 175 158
128 217 148
128 261 146
128 299 164
129 31 155
129 84 154
129 95 151
129 115 163
129 121 152
129 134 135
129 156 143
129 161 162
129 207 162
129 235 147
129 236 136
129 240 136
129 246 135
129 270 160
130 23 165
130 28 152
130 32 151
130 88 137
130 132 143
130 144 146
130 159 137
130 183 162
130 194 151
130 196 138
130 223 153
130 255 139
130 272 137
130 282 159
130 297 160
131 6 135
131 19 142
131 28 137
131 39 139
131 45 141
131 58 148
131 64 150
131 74 161
131 76 157
131 100 160
131 118 140
131 167 138
131 168 141
131 188 153
131 197 162
131 201 147
131 203 150
131 228 149
131 242 163
131 249 165
131 253 144
131 269 156
131 294 141
132 65 151
132 96 155
132 123 143
132 130 156
132 157 136
132 160 136
132 260 152
133 18 155
133 34 164
133 89 145
133 90 149
133 122 156
133 134 165
133 161 161
133 176 158
133 179 162
133 188 162
133 201 163
133 204 140
133 213 154
133 215 161
133 216 140
133 227 146
133 258 162
133 265 144
133 268 140
133 291 148
134 9 165
134 25 140
134 56 140
134 61 151
134 95 149
134 129 136
134 145 137
134 206 137
134 237 165
134 239 162
134 279 140
134 284 146
134 294 139
134 297 162
135 6 148
135 19 162
135 26 149
135 35 143
135 38 154
135 48 154
135 50 147
135 60 159
135 70 141
135 78 159
135 116 136
135 119 165
135 130 141
135 205 140
135 230 136
135 245 142
135 275 138
135 282 149
135 286 139
136 5 137
136 10 158
136 25 155
136 39 143
136 54 157
136 76 154
136 103 144
136 117 141
136 135 164
136 138 140
136 139 149
136 158 147
136 169 151
136 172 147
136 226 143
137 6 148
137 7 161
137 9 151
137 15 161
137 17 152
137 46 142
137 79 146
137 105 165
137 138 158
137 143 164
137 168 164
137 171 144
137 201 148
137 211 161
137 227 145
137 231 143
137 234 149
137 236 158
137 256 159
137 275 148
137 290 154
137 296 141
138 6 159
138 30 149
138 46 142
138 51 144
138 71 137
138 85 139
138 93 147
138 105 160
138 149 162
138 174 146
138 193 141
138 197 151
138 213 152
138 234 158
138 239 150
138 246 146
138 250 143
138 274 148
138 286 142
139 35 146
139 43 154
139 67 160
139 69 147
139 70 146
139 73 137
139 107 140
139 119 138
139 125 139
139 136 148
139 149 150
139 154 141
139 174 139
139 184 157
139 191 149
139 212 140
139 219 155
139 240 152
140 15 159
140 35 150
140 39 144
140 48 144
140 71 142
140 75 162
140 92 136
140 101 140
140 108 146
140 121 143
140 133 159
140 143 136
140 155 145
140 201 144
140 204 140
140 211 156
140 215 140
141 22 147
141 24 159
141 25 150
141 31 164
141 36 163
141 51 138
141 79 149
141 93 155
141 100 143
141 155 138
141 161 142
141 167 150
141 185 151
141 193 150
141 211 161
141 214 162
141 232 145
141 250 160
141 254 151
142 28 160
142 32 165
142 36 153
142 40 148
142 58 160
142 80 160
142 84 160
142 108 135
142 112 150
142 153 161
142 157 153
142 158 138
142 191 152
142 212 149
142 214 158
142 229 151
142 241 162
142 281 159
143 21 149
143 48 144
143 60 163
143 94 144
143 140 147
143 148 141
143 196 147
143 226 145
143 273 157
144 18 151
144 25 150
144 41 155
144 46 154
144 51 151
144 58 148
144 70 146
144 86 146
144 176 144
144 193 148
144 196 161
144 203 154
144 222 136
144 248 149
144 266 147
145 33 135
145 54 156
145 55 143
145 71 156
145 80 148
145 97 147
145 103 138
145 125 161
145 129 161
145 136 136
145 149 153
145 154 139
145 167 162
145 189 147
145 196 165
145 208 136
145 238 135
145 239 165
145 254 138
145 256 159
145 268 144
145 296 153
145 297 142
146 6 135
146 31 148
146 58 145
146 59 150
146 90 162
146 101 154
146 108 147
146 112 164
146 121 147
146 134 152
146 141 164
146 152 141
146 165 150
146 166 153
146 174 164
146 176 159
146 200 155
146 204 146
146 217 147
146 224 143
146 232 157
146 237 141
146 272 152
146 281 155
146 287 163
147 32 139
147 62 139
147 102 144
147 118 158
147 133 157
147 146 145
147 175 164
147 195 139
147 216 154
147 233 162
147 239 135
147 245 158
147 270 157
148 48 148
148 70 161
148 77 135
148 82 139
148 105 144
148 133 144
148 158 149
148 165 150
148 167 143
148 235 136
148 295 163
149 4 139
149 21 151
149 44 138
149 56 150
149 62 145
149 108 162
149 114 146
149 138 140
149 161 155
149 164 164
149 179 163
149 181 138
149 184 157
149 192 162
149 193 140
149 212 135
149 221 158
149 225 164
149 266 160
149 268 138
149 287 157
149 288 146
149 290 165
150 1 162
150 11 165
150 12 156
150 38 152
150 59 135
150 70 146
150 91 159
150 122 151
150 124 147
150 139 143
150 143 142
150 187 153
150 189 163
150 221 140
150 227 139
150 237 143
150 250 153
150 276 154
151 25 156
151 49 145
151 78 143
151 93 164
151 100 156
151 127 143
151 149 147
151 156 150
151 186 164
151 196 149
151 200 138
151 222 149
151 227 152
151 255 164
151 287 151
152 1 152
152 11 162
152 14 165
152 31 158
152 77 150
152 110 156
152 154 137
152 281 159
153 12 156
153 16 149
153 19 160
153 38 148
153 39 142
153 45 148
153 74 147
153 126 164
153 133 152
153 144 140
153 157 162
153 174 150
153 186 161
153 194 165
153 204 147
153 240 141
153 241 152
153 262 137
154 17 152
154 44 159
154 50 136
154 56 164
154 75 149
154 84 142
154 86 164
154 115 136
154 125 165
154 126 160
154 131 144
154 148 137
154 158 160
154 172 142
154 175 146
154 185 161
154 188 148
154 219 152
154 220 146
154 232 156
154 278 155
154 290 146
154 291 137
154 296 159
155 19 155
155 53 143
155 54 145
155 58 150
155 63 144
155 100 149
155 128 135
155 137 138
155 139 145
155 148 148
155 161 153
155 186 158
155 192 146
155 198 151
155 199 150
155 214 136
155 265 152
155 294 154
155 295 159
156 25 144
156 28 156
156 38 164
156 57 156
156 58 143
156 70 137
156 72 163
156 121 146
156 139 152
156 145 164
156 175 141
156 178 157
156 202 144
156 207 137
156 230 157
156 246 147
156 254 158
156 289 142
156 294 148
156 298 136
157 6 141
157 8 144
157 12 163
157 34 157
157 49 141
157 60 159
157 101 136
157 132 163
157 156 154
157 203 165
157 232 156
157 246 145
157 247 152
157 251 151
157 254 165
157 296 145
158 34 143
158 66 144
158 117 160
158 124 140
158 127 145
158 159 151
158 168 137
158 183 152
158 230 141
158 235 144
158 250 137
158 251 138
158 255 135
158 263 147
159 12 143
159 14 156
159 17 160
159 45 159
159 56 146
159 65 162
159 77 161
159 89 139
159 161 157
159 175 142
159 198 158
159 199 152
159 201 144
159 219 147
159 230 165
159 251 140
159 270 163
159 273 142
159 287 165
160 82 148
160 147 158
160 155 144
160 241 141
160 248 140
160 273 152
160 296 160
161 51 165
161 56 155
161 66 143
161 76 151
161 89 161
161 187 135
161 230 152
161 273 160
161 290 162
162 77 162
162 135 147
162 222 140
162 277 140
163 98 152
163 154 165
163 156 151
163 181 145
163 185 156
163 205 147
163 208 160
163 223 165
163 225 149
163 241 156
163 254 159
163 282 143
163 293 154
164 28 151
164 40 140
164 43 147
164 44 145
164 65 152
164 82 146
164 96 144
164 104 159
164 109 159
164 118 135
164 130 152
164 214 154
164 230 141
164 237 160
164 240 155
165 0 156
165 9 141
165 12 159
165 89 135
165 110 160
165 116 163
165 145 163
165 149 137
165 152 152
165 181 160
165 200 147
165 227 162
165 268 138
165 287 162
165 290 162
166 22 152
166 26 151
166 44 141
166 47 149
166 58 164
166 79 148
166 110 160
166 158 148
166 163 150
166 177 138
166 203 137
166 239 146
166 244 141
166 256 135
166 257 139
166 278 161
166 293 140
167 33 162
167 37 162
167 53 138
167 58 156
167 71 137
167 81 140
167 111 136
167 121 155
167 144 163
167 161 153
167 170 143
167 188 139
167 215 151
167 232 139
167 243 143
167 253 144
167 298 161
168 32 153
168 37 160
168 44 148
168 49 152
168 62 148
168 63 149
168 78 136
168 103 140
168 104 140
168 105 159
168 131 137
168 133 153
168 138 149
168 140 155
168 144 146
168 174 155
168 194 140
168 240 154
168 276 153
168 277 142
168 285 157
169 9 147
169 19 161
169 114 143
169 144 148
169 177 135
169 205 158
169 225 161
169 258 143
169 261 163
169 271 152
169 285 164
170 25 164
170 33 144
170 77 155
170 109 165
170 149 138
170 151 160
170 167 157
170 185 155
170 186 142
170 212 159
170 217 135
170 238 145
170 276 145
170 299 152
171 70 158
171 148 153
171 158 159
171 166 145
171 180 137
171 188 161
171 231 164
171 248 149
171 251 135
171 255 154
171 258 159
171 270 151
171 271 165
171 275 164
171 276 140
172 15 138
172 21 154
172 56 160
172 129 157
172 147 164
172 180 149
172 193 138
172 198 147
172 222 163
172 252 153
172 260 136
172 276 165
172 289 143
172 299 137
173 19 135
173 36 157
173 38 136
173 68 151
173 116 143
173 124 159
173 130 139
173 138 162
173 144 155
173 159 138
173 180 150
173 196 144
173 198 160
174 7 165
174 31 137
174 42 139
174 50 139
174 73 160
174 74 161
174 97 150
174 110 138
174 126 141
174 132 156
174 137 142
174 146 150
174 152 150
174 171 144
174 175 162
174 202 135
174 203 141
174 212 161
174 218 164
174 225 137
174 232 154
174 242 158
174 252 162
174 274 140
175 67 142
175 78 135
175 91 152
175 103 159
175 113 147
175 142 162
175 152 144
175 156 140
175 170 143
175 236 150
175 265 160
175 281 144
176 26 157
176 50 149
176 64 138
176 73 155
176 95 152
176 134 152
176 156 137
176 162 144
176 164 139
176 175 152
176 180 140
176 198 159
176 199 151
176 211 155
176 224 149
176 259 142
177 14 159
177 49 159
177 61 156
177 90 150
177 111 143
177 126 157
177 140 144
177 200 146
177 230 151
177 237 163
177 242 156
177 248 139
178 18 148
178 26 137
178 27 139
178 41 165
178 45 161
178 86 164
178 111 159
178 118 145
178 130 150
178 141 147
178 209 141
178 224 142
178 229 146
178 254 144
178 260 165
178 265 145
178 287 163
178 299 161
179 6 138
179 38 165
179 50 158
179 60 136
179 67 144
179 73 139
179 75 139
179 80 157
179 86 155
179 109 159
179 112 139
179 138 143
179 143 152
179 173 135
179 199 147
179 260 146
179 293 147
179 295 165
180 47 161
180 77 161
180 88 139
180 129 153
180 131 158
180 150 153
180 153 139
180 170 147
180 185 155
180 196 152
180 225 164
180 230 143
180 246 164
180 248 159
180 252 165
180 256 164
180 257 140
180 268 147
181 2 160
181 15 155
181 117 137
181 118 155
181 155 149
181 161 164
181 187 160
181 191 144
181 192 158
181 209 160
181 217 157
181 243 143
181 256 165
181 280 146
181 298 147
182 54 153
182 64 160
182 75 148
182 82 139
182 108 149
182 126 143
182 139 144
182 142 136
182 165 163
182 170 160
182 195 164
182 250 156
182 256 148
182 264 140
183 8 164
183 12 140
183 22 153
183 37 135
183 50 157
183 111 159
183 131 152
183 159 155
183 168 154
183 177 145
183 185 160
183 202 152
183 204 149
183 210 153
183 235 153
183 241 162
183 257 145
183 274 165
183 280 149
184 26 160
184 54 154
184 90 144
184 112 136
184 113 140
184 120 161
184 169 152
184 211 148
184 222 151
184 229 164
184 243 147
184 269 135
184 295 148
185 1 158
185 6 145
185 15 155
185 49 156
185 52 150
185 55 146
185 67 149
185 68 146
185 100 156
185 111 139
185 129 158
185 144 141
185 154 156
185 170 143
185 215 155
185 234 156
185 237 162
185 238 165
185 242 164
185 270 151
185 277 136
185 290 153
186 5 163
186 12 156
186 20 161
186 60 155
186 91 157
186 128 164
186 130 148
186 146 155
186 159 142
186 160 163
186 217 146
186 242 138
186 245 155
186 270 138
186 292 143
186 293 152
187 17 165
187 22 135
187 60 153
187 61 135
187 91 149
187 133 150
187 160 154
187 179 149
187 193 137
187 212 135
187 216 146
187 295 164
188 10 135
188 77 139
188 91 150
188 105 141
188 114 137
188 115 148
188 132 159
188 137 149
188 159 143
188 182 145
188 185 150
188 193 154
188 195 159
188 200 147
188 213 144
188 218 146
188 288 143
189 4 151
189 14 146
189 26 162
189 40 138
189 73 156
189 113 135
189 143 153
189 155 165
189 157 148
189 191 157
189 204 153
189 212 160
189 214 146
189 217 153
189 228 145
190 18 158
190 22 135
190 26 154
190 27 151
190 35 161
190 42 163
190 51 153
190 55 164
190 85 163
190 92 164
190 133 164
190 232 151
190 241 140
190 250 141
190 286 156
191 20 164
191 27 152
191 29 138
191 68 135
191 95 136
191 99 141
191 106 157
191 152 155
191 181 153
191 193 142
191 215 145
191 217 147
191 253 137
191 257 139
191 259 157
191 262 163
192 118 152
192 152 153
192 171 165
192 189 142
192 190 157
192 206 154
192 223 153
192 249 142
192 265 144
192 270 162
192 271 142
192 290 158
193 11 159
193 28 162
193 29 160
193 63 163
193 75 142
193 123 142
193 126 137
193 147 163
193 157 142
193 184 139
193 189 142
193 200 135
193 237 145
193 240 138
193 285 136
193 296 141
194 6 163
194 14 135
194 36 142
194 51 165
194 60 147
194 94 136
194 103 161
194 107 147
194 108 145
194 137 162
194 143 139
194 184 144
194 196 165
194 224 138
194 247 136
194 248 152
194 258 140
194 262 136
194 280 156
194 294 154
195 14 136
195 35 138
195 59 160
195 60 141
195 62 164
195 89 140
195 114 147
195 124 149
195 158 161
195 224 165
195 263 161
195 272 143
195 276 144
195 277 160
196 67 154
196 77 155
196 121 159
196 165 146
196 180 149
196 194 162
196 237 146
197 18 163
197 50 141
197 56 142
197 93 151
197 99 147
197 122 137
197 124 149
197 126 137
197 135 137
197 156 148
197 163 144
197 201 136
197 216 160
197 225 162
197 234 158
197 265 135
198 15 140
198 42 135
198 63 136
198 71 135
198 75 162
198 77 162
198 158 163
198 159 147
198 220 155
198 246 160
198 279 144
198 283 159
198 284 144
198 288 144
198 292 145
198 298 159
199 35 137
199 68 151
199 106 158
199 113 142
199 140 158
199 152 151
199 193 141
199 197 152
199 236 150
199 249 165
199 262 165
199 294 155
199 295 141
200 17 142
200 33 140
200 55 146
200 64 156
200 66 135
200 84 163
200 132 154
200 138 155
200 222 148
200 224 138
200 225 142
200 236 147
200 247 135
200 270 143
200 298 149
201 47 155
201 56 149
201 76 135
201 93 163
201 100 165
201 114 136
201 124 160
201 151 149
201 188 164
201 227 141
201 232 150
202 9 160
202 13 135
202 60 140
202 66 140
202 128 155
202 137 152
202 182 138
202 207 160
202 225 140
202 232 139
202 245 148
202 249 141
202 261 139
202 291 141
203 0 146
203 26 150
203 101 138
203 119 154
203 128 151
203 160 151
203 189 150
203 245 138
203 247 135
203 250 137
203 293 149
204 24 153
204 68 141
204 77 142
204 80 145
204 83 152
204 113 137
204 117 152
204 121 163
204 167 153
204 186 144
204 246 155
204 255 160
205 13 149
205 33 159
205 64 159
205 88 143
205 94 136
205 96 154
205 119 143
205 139 141
205 155 155
205 172 140
205 184 135
205 188 138
205 218 163
205 219 154
205 233 145
205 262 141
205 272 165
205 278 164
206 5 136
206 10 163
206 51 143
206 68 152
206 84 146
206 91 135
206 96 137
206 98 144
206 131 161
206 172 136
206 183 160
206 277 148
206 289 155
207 26 151
207 37 144
207 73 138
207 90 155
207 98 140
207 106 157
207 110 162
207 111 152
207 121 160
207 170 151
207 226 156
207 229 164
207 238 139
207 280 142
208 19 155
208 41 165
208 50 147
208 75 157
208 76 163
208 78 149
208 114 164
208 116 151
208 119 164
208 157 164
208 181 157
208 186 156
208 194 151
208 214 163
208 218 158
208 244 157
208 254 139
208 255 164
208 261 144
208 267 149
209 12 158
209 18 141
209 112 160
209 146 136
209 160 143
209 168 152
209 175 151
209 198 157
209 212 149
209 235 152
209 244 156
209 270 135
209 272 145
209 274 153
209 290 143
210 0 150
210 29 142
210 56 148
210 91 148
210 92 152
210 102 135
210 121 155
210 126 152
210 133 148
210 147 163
210 151 156
210 152 141
210 181 151
210 182 160
210 190 155
210 214 160
210 216 151
210 229 143
210 265 146
210 272 154
210 279 165
210 292 163
211 18 142
211 28 139
211 35 158
211 51 140
211 89 164
211 104 157
211 156 159
211 165 148
211 188 142
211 201 160
211 202 157
211 236 143
211 247 160
212 4 142
212 58 144
212 83 162
212 89 141
212 109 165
212 120 153
212 128 138
212 141 147
212 144 154
212 164 138
212 167 161
212 172 141
212 219 141
212 221 137
212 236 152
212 237 160
212 258 140
212 277 154
212 294 161
213 0 158
213 48 142
213 54 152
213 57 147
213 71 157
213 73 152
213 74 158
213 90 138
213 141 164
213 144 152
213 168 165
213 169 150
213 216 151
213 217 160
213 226 154
213 287 144
214 56 148
214 73 163
214 103 164
214 112 161
214 127 160
214 155 151
214 171 156
214 200 159
214 246 159
214 247 165
214 293 145
215 11 135
215 12 162
215 21 165
215 22 158
215 42 161
215 72 154
215 89 139
215 93 156
215 103 140
215 105 141
215 107 148
215 109 158
215 117 150
215 132 137
215 156 156
215 160 149
215 191 152
215 193 141
215 218 135
215 249 151
215 263 146
215 269 135
215 272 136
215 276 158
215 299 148
216 5 138
216 33 159
216 58 141
216 63 143
216 82 142
216 94 157
216 113 154
216 138 148
216 141 161
216 151 163
216 155 161
216 164 144
216 192 156
216 203 135
216 204 159
216 224 157
216 242 164
216 262 135
216 277 151
217 53 154
217 99 152
217 197 152
217 205 138
217 211 143
217 264 139
217 283 165
217 285 142
217 289 161
217 298 164
218 7 165
218 30 157
218 44 147
218 57 161
218 95 155
218 126 150
218 157 160
218 163 163
218 169 143
218 172 138
218 180 144
218 199 139
218 204 148
218 209 161
218 213 135
218 249 141
218 281 143
219 49 143
219 58 143
219 114 139
219 120 156
219 136 162
219 149 149
219 169 143
219 180 140
219 205 142
219 216 158
219 218 155
219 222 150
219 225 157
220 5 163
220 14 160
220 35 135
220 56 138
220 64 142
220 82 139
220 90 158
220 107 156
220 173 154
220 195 152
220 210 142
220 246 137
220 257 142
220 259 142
221 3 162
221 10 151
221 30 158
221 33 160
221 45 162
221 67 158
221 98 165
221 115 164
221 122 147
221 161 146
221 178 158
221 251 162
221 272 156
221 297 162
222 10 139
222 57 145
222 63 143
222 70 157
222 71 162
222 74 165
222 98 142
222 103 150
222 106 156
222 112 163
222 121 135
222 125 157
222 129 139
222 154 141
222 157 137
222 182 143
222 202 139
222 215 142
222 216 154
222 260 159
222 265 157
222 294 150
223 1 151
223 39 157
223 51 141
223 52 138
223 65 154
223 84 137
223 125 141
223 146 142
223 191 145
223 196 143
223 227 160
223 240 154
223 243 164
223 267 151
223 273 139
223 275 160
223 287 157
224 1 156
224 3 141
224 26 139
224 27 147
224 53 152
224 67 136
224 72 143
224 80 138
224 83 155
224 91 141
224 103 147
224 112 157
224 114 156
224 121 135
224 155 141
224 159 148
224 176 155
224 185 146
224 194 162
224 216 152
224 222 153
224 245 140
224 255 162
225 15 136
225 24 158
225 43 147
225 44 137
225 59 152
225 83 154
225 86 151
225 90 135
225 92 151
225 143 145
225 146 136
225 154 161
225 177 142
225 185 147
225 193 161
225 204 148
225 227 145
225 249 156
225 274 157
225 280 143
225 281 137
226 48 158
226 57 141
226 84 156
226 87 154
226 106 147
226 132 153
226 135 163
226 141 149
226 175 164
226 200 159
226 209 147
226 281 146
226 297 137
227 36 158
227 38 149
227 58 153
227 72 143
227 75 140
227 97 153
227 99 155
227 121 138
227 135 164
227 149 144
227 153 163
227 154 144
227 166 145
227 170 143
227 174 135
227 183 142
227 207 144
227 258 146
227 277 163
227 280 148
228 41 135
228 42 145
228 58 146
228 85 143
228 116 145
228 170 164
228 200 143
228 213 136
228 222 165
228 233 145
228 249 140
228 258 140
228 277 145
229 26 142
229 31 162
229 41 139
229 50 139
229 96 148
229 121 152
229 158 144
229 188 156
229 200 142
229 253 164
230 14 165
230 30 147
230 31 138
230 49 139
230 90 147
230 95 145
230 109 138
230 148 164
230 237 144
230 241 140
230 262 152
230 271 160
230 289 161
231 31 155
231 51 141
231 85 154
231 98 159
231 111 147
231 157 143
231 159 151
231 189 149
231 220 145
231 242 141
231 245 141
231 298 155
232 25 137
232 37 162
232 46 148
232 91 142
232 96 145
232 99 156
232 116 143
232 117 139
232 120 148
232 137 138
232 178 137
232 189 144
232 229 155
232 234 155
232 281 154
232 297 140
233 8 157
233 15 148
233 22 135
233 73 144
233 75 159
233 107 147
233 139 158
233 157 159
233 196 164
233 203 155
233 223 160
233 250 160
233 265 165
233 289 138
234 18 139
234 102 142
234 108 160
234 116 159
234 131 157
234 134 162
234 174 153
234 181 158
234 182 163
234 231 154
234 233 135
234 271 136
234 293 156
234 299 142
235 13 137
235 54 142
235 59 136
235 110 160
235 138 160
235 188 143
235 221 165
235 272 164
235 288 164
235 293 153
236 5 140
236 34 156
236 37 136
236 45 136
236 60 139
236 65 155
236 85 157
236 96 158
236 128 158
236 160 140
236 164 143
236 264 153
236 292 143
237 17 156
237 22 150
237 44 160
237 50 144
237 62 146
237 80 162
237 83 152
237 87 149
237 125 162
237 180 140
237 181 159
237 193 145
237 198 152
237 201 161
237 202 135
237 216 164
237 219 163
237 246 142
238 0 161
238 7 164
238 21 162
238 37 159
238 49 135
238 53 163
238 86 151
238 105 145
238 134 154
238 148 141
238 149 157
238 160 156
238 161 136
238 168 152
238 177 154
238 181 156
238 189 138
238 193 164
238 227 145
238 278 158
238 292 143
239 1 162
239 6 144
239 23 155
239 31 135
239 72 148
239 110 144
239 129 149
239 135 164
239 146 153
239 157 155
239 165 137
239 217 154
239 257 142
239 267 163
240 6 136
240 24 145
240 29 139
240 49 156
240 50 148
240 56 144
240 64 154
240 96 161
240 125 150
240 163 137
240 180 144
240 193 164
240 210 149
240 227 138
240 232 145
240 243 151
240 276 137
240 278 153
240 284 144
241 4 164
241 72 155
241 90 154
241 123 163
241 159 144
241 164 155
241 179 142
241 180 154
241 207 157
241 209 139
241 269 138
241 284 162
241 291 137
242 65 137
242 77 141
242 92 152
242 100 149
242 119 158
242 129 150
242 141 138
242 225 139
242 241 157
242 278 164
242 291 155
243 11 136
243 45 136
243 78 164
243 97 135
243 164 135
243 167 148
243 189 147
243 191 156
243 194 155
243 216 157
243 224 157
243 225 147
243 251 135
243 285 163
244 1 164
244 16 140
244 70 136
244 80 164
244 108 136
244 110 156
244 115 135
244 120 142
244 122 141
244 123 148
244 125 150
244 159 135
244 160 160
244 175 139
244 194 138
244 216 149
244 250 147
244 276 147
244 278 148
244 279 154
244 294 146
245 22 153
245 68 135
245 90 165
245 172 163
245 175 142
245 187 160
245 194 148
245 198 156
245 203 154
245 229 146
245 233 152
245 265 138
245 288 162
245 290 161
245 293 147
246 55 153
246 73 159
246 123 161
246 128 144
246 139 165
246 160 156
246 175 159
246 203 161
246 243 165
246 258 160
246 269 159
246 272 142
246 282 156
246 284 135
247 17 147
247 20 139
247 25 162
247 30 139
247 62 138
247 64 150
247 68 156
247 86 148
247 95 159
247 97 135
247 120 156
247 123 165
247 130 158
247 143 147
247 150 145
247 158 156
247 166 149
247 167 143
247 170 155
247 190 154
247 209 159
247 219 161
247 232 156
247 236 136
247 245 147
247 254 155
248 26 154
248 47 161
248 56 158
248 75 139
248 80 152
248 90 149
248 108 147
248 121 156
248 125 150
248 158 139
248 159 149
248 163 142
248 202 143
248 245 140
248 263 163
248 268 164
248 279 158
248 299 155
249 4 137
249 15 165
249 18 137
249 145 150
249 170 142
249 181 155
249 199 143
249 225 150
249 236 143
249 259 139
249 286 153
249 291 162
250 57 161
250 66 154
250 111 137
250 120 161
250 123 146
250 145 164
250 155 143
250 165 155
250 175 141
250 176 136
250 177 141
250 178 145
250 240 146
250 245 148
250 248 138
250 258 136
251 12 165
251 37 150
251 45 144
251 62 146
251 90 152
251 102 161
251 105 159
251 114 163
251 132 145
251 163 146
251 167 149
251 183 157
251 231 159
251 232 160
251 239 139
251 270 137
251 275 156
252 24 162
252 40 154
252 42 161
252 54 136
252 78 138
252 79 161
252 124 165
252 169 148
252 200 162
252 209 135
252 217 137
252 256 152
252 267 149
252 273 140
252 275 150
253 2 141
253 55 146
253 56 156
253 96 149
253 98 143
253 99 143
253 157 154
253 191 139
253 196 162
253 291 153
253 295 156
254 6 139
254 32 146
254 34 156
254 42 141
254 72 153
254 91 161
254 116 142
254 123 136
254 167 140
254 186 158
254 202 145
254 236 142
254 246 152
254 261 164
254 275 141
255 82 155
255 89 138
255 142 147
255 158 163
255 240 139
255 249 148
255 267 147
255 296 160
256 4 160
256 15 152
256 28 143
256 33 150
256 37 164
256 40 151
256 79 144
256 104 153
256 139 151
256 172 162
256 185 156
256 214 162
256 239 142
256 299 156
257 11 161
257 22 160
257 25 138
257 41 152
257 43 155
257 48 163
257 91 149
257 100 139
257 109 165
257 114 159
257 116 150
257 148 159
257 165 155
257 167 137
257 178 141
257 220 142
257 269 151
257 279 152
258 4 148
258 26 155
258 36 149
258 54 159
258 83 160
258 127 153
258 132 146
258 135 149
258 144 151
258 148 156
258 161 147
258 164 140
258 202 153
258 210 159
258 270 162
258 283 136
259 1 165
259 2 146
259 44 154
259 49 150
259 54 157
259 64 148
259 75 165
259 89 158
259 122 147
259 142 143
259 147 162
259 169 140
259 188 164
259 221 139
259 249 164
259 254 144
259 283 136
259 284 164
260 9 141
260 23 145
260 26 152
260 40 155
260 66 161
260 69 153
260 92 141
260 93 144
260 128 144
260 133 145
260 137 135
260 145 152
260 171 148
260 172 150
260 192 144
260 205 146
260 208 157
260 221 163
260 237 147
260 258 150
260 265 150
260 273 146
260 287 156
260 288 164
261 16 155
261 39 140
261 42 137
261 58 148
261 72 144
261 95 155
261 99 164
261 109 153
261 113 160
261 118 145
261 129 138
261 133 165
261 135 151
261 159 154
261 179 155
261 211 145
261 213 163
261 219 154
261 241 159
261 254 159
261 267 146
261 285 160
262 21 160
262 55 157
262 63 146
262 82 165
262 87 164
262 140 155
262 156 159
262 166 151
262 174 138
262 177 154
262 203 155
262 232 156
262 242 148
262 277 154
263 2 145
263 15 142
263 38 152
263 42 154
263 54 147
263 112 155
263 113 160
263 114 160
263 139 152
263 146 142
263 147 140
263 159 135
263 163 154
263 185 143
263 202 156
263 210 143
263 220 162
263 229 164
263 244 155
263 245 145
263 268 143
263 269 142
263 286 140
264 3 150
264 56 153
264 58 148
264 64 164
264 108 136
264 118 155
264 128 159
264 134 155
264 139 139
264 172 144
264 189 148
264 195 138
264 253 152
264 257 145
264 273 143
264 274 146
265 46 138
265 51 160
265 56 151
265 59 149
265 69 140
265 70 146
265 113 149
265 140 156
265 210 142
265 243 147
265 250 160
265 271 157
266 3 135
266 6 157
266 11 152
266 37 141
266 48 159
266 76 136
266 149 143
266 153 157
266 155 160
266 186 160
266 188 143
266 197 140
266 226 159
266 244 162
266 246 147
266 259 164
266 280 135
267 31 157
267 61 136
267 63 163
267 79 156
267 105 142
267 108 158
267 116 144
267 118 143
267 156 151
267 173 153
267 186 154
267 196 156
267 198 155
267 218 162
267 224 143
267 242 139
267 257 153
267 260 137
267 273 162
267 288 139
267 290 161
268 12 140
268 13 141
268 15 164
268 26 144
268 27 165
268 33 157
268 43 146
268 54 162
268 61 156
268 69 155
268 75 161
268 82 137
268 93 137
268 112 148
268 147 152
268 214 135
268 218 141
268 259 138
268 265 164
268 290 153
269 16 135
269 38 146
269 49 140
269 51 136
269 59 140
269 97 143
269 99 154
269 104 143
269 150 138
269 156 163
269 157 156
269 177 163
269 188 151
269 199 137
269 218 149
269 220 135
269 223 145
270 1 146
270 21 146
270 56 150
270 97 150
270 152 162
270 160 154
270 188 164
270 214 142
270 216 144
270 225 148
270 229 159
271 43 155
271 54 162
271 100 164
271 109 154
271 138 165
271 167 165
271 176 142
271 183 158
271 203 143
271 219 135
271 230 155
271 239 159
271 258 165
271 262 137
271 276 164
271 281 143
272 37 156
272 87 163
272 98 142
272 104 147
272 107 141
272 128 141
272 130 148
272 148 160
272 153 156
272 162 159
272 164 165
272 167 161
272 172 162
272 188 163
272 191 162
272 211 141
272 223 150
272 274 149
272 277 140
272 289 150
272 291 144
272 297 147
273 56 152
273 75 165
273 131 139
273 137 159
273 138 145
273 164 162
273 167 143
273 183 161
273 214 159
273 221 151
273 245 160
273 294 142
274 16 137
274 19 159
274 20 154
274 41 143
274 70 137
274 81 145
274 87 146
274 114 147
274 118 159
274 121 146
274 132 151
274 133 135
274 165 155
274 170 140
274 195 157
274 204 157
274 206 150
274 223 138
274 252 136
274 294 159
275 16 143
275 17 137
275 35 140
275 55 149
275 71 147
275 104 159
275 111 146
275 116 139
275 122 148
275 139 139
275 159 154
275 190 154
275 208 157
275 209 155
275 232 162
275 234 143
275 243 154
275 252 147
275 278 149
276 7 148
276 11 145
276 45 155
276 88 159
276 93 148
276 114 163
276 117 138
276 152 161
276 194 139
276 213 143
276 221 136
276 233 140
276 264 138
276 286 144
277 20 157
277 93 147
277 127 151
277 131 154
277 145 143
277 194 161
277 219 153
277 253 145
278 5 148
278 24 145
278 31 135
278 66 137
278 91 151
278 106 154
278 108 158
278 137 164
278 141 143
278 148 154
278 157 142
278 161 137
278 172 156
278 206 164
278 208 144
278 255 155
278 285 140
279 21 154
279 27 137
279 29 135
279 31 150
279 40 136
279 44 144
279 54 139
279 71 162
279 79 138
279 82 162
279 119 138
279 142 135
279 155 143
279 165 159
279 178 141
279 207 165
279 222 158
279 223 146
279 228 141
279 229 157
279 235 162
279 246 141
279 248 147
279 254 165
279 267 140
280 13 145
280 29 159
280 63 152
280 78 154
280 95 149
280 98 137
280 134 137
280 135 137
280 141 163
280 150 165
280 153 158
280 162 138
280 174 141
280 179 137
280 187 145
280 189 149
280 192 155
280 222 160
280 243 151
280 245 157
280 266 138
281 9 165
281 18 162
281 37 146
281 41 154
281 43 146
281 59 139
281 98 153
281 137 140
281 146 162
281 161 139
281 185 150
281 187 150
281 188 142
281 224 160
281 240 164
281 277 163
282 19 143
282 47 141
282 48 145
282 57 138
282 68 153
282 84 148
282 93 147
282 112 142
282 122 158
282 144 156
282 154 136
282 196 143
282 198 135
282 201 153
282 212 155
282 213 136
282 226 153
282 260 142
282 286 139
282 292 135
282 293 143
283 30 145
283 32 144
283 55 138
283 61 148
283 83 138
283 84 165
283 85 140
283 90 151
283 111 165
283 112 158
283 122 143
283 174 154
283 195 158
283 220 135
283 234 149
283 241 150
283 288 146
284 16 142
284 22 139
284 89 162
284 96 155
284 134 150
284 137 154
284 182 151
284 235 148
284 254 142
284 273 151
284 283 153
284 287 148
285 33 162
285 51 162
285 102 148
285 146 144
285 148 147
285 161 163
285 166 158
285 173 148
285 174 139
285 206 142
285 233 148
285 249 161
285 259 161
286 19 146
286 39 164
286 69 143
286 130 150
286 185 141
286 186 143
286 192 156
286 216 147
286 217 139
286 239 139
286 259 157
286 272 164
286 298 152
287 0 140
287 3 143
287 7 152
287 16 163
287 35 152
287 48 142
287 51 138
287 62 154
287 67 144
287 81 135
287 107 161
287 120 160
287 130 159
287 138 138
287 168 164
287 197 147
287 220 136
287 242 143
287 258 146
287 264 154
287 267 163
288 35 163
288 67 162
288 74 149
288 132 151
288 137 158
288 154 150
288 181 138
288 183 146
288 231 160
288 242 159
288 259 143
289 3 139
289 9 157
289 15 155
289 18 160
289 29 136
289 74 163
289 88 155
289 99 158
289 121 156
289 167 155
289 185 148
289 190 155
289 196 135
289 197 153
289 213 153
289 230 151
289 262 156
289 265 148
289 294 141
290 3 156
290 37 159
290 109 161
290 124 146
290 176 159
290 209 135
290 219 154
290 248 157
290 268 146
291 15 157
291 43 143
291 113 138
291 135 164
291 181 146
291 216 152
291 240 140
291 248 139
291 249 142
291 287 141
291 293 153
292 29 140
292 50 140
292 51 158
292 56 160
292 75 148
292 77 146
292 100 161
292 112 144
292 120 145
292 137 147
292 144 159
292 163 161
292 179 152
292 180 147
292 200 146
292 219 147
292 236 155
292 253 146
292 275 143
293 4 136
293 29 147
293 48 163
293 64 142
293 85 139
293 114 159
293 173 146
293 183 151
293 209 139
293 248 142
293 252 159
293 258 155
293 266 147
293 280 143
294 8 157
294 13 162
294 18 145
294 46 163
294 52 158
294 64 161
294 68 146
294 125 145
294 183 161
294 209 148
294 222 139
294 237 157
294 273 141
294 275 143
294 284 148
294 292 150
294 297 162
295 12 155
295 31 154
295 38 148
295 41 153
295 59 136
295 66 145
295 88 146
295 89 149
295 104 147
295 171 150
295 186 162
295 204 160
295 215 162
296 17 140
296 20 159
296 54 162
296 55 151
296 63 164
296 76 158
296 90 136
296 95 165
296 138 144
296 148 164
296 157 165
296 189 137
296 202 146
296 274 161
297 47 148
297 73 150
297 97 158
297 104 165
297 136 152
297 138 146
297 144 144
297 150 165
297 168 148
297 177 151
297 184 141
297 217 162
297 237 146
297 260 163
297 265 135
297 267 157
298 6 135
298 20 146
298 28 145
298 50 155
298 56 148
298 65 157
298 66 160
298 99 139
298 103 142
298 107 144
298 187 154
298 195 148
298 225 153
298 240 155
298 248 143
298 257 164
299 16 150
299 26 159
299 47 156
299 65 163
299 76 163
299 77 155
299 105 135
299 107 149
299 134 135
299 154 139
299 180 159
299 191 139
299 224 156
299 232 144
299 250 154
299 269 148
299 296 140
299 298 135
