401
0 4 214
0 16 209
0 24 206
0 60 184
0 64 180
0 128 180
0 138 196
0 139 202
0 147 207
0 180 207
0 182 218
0 186 204
0 194 180
0 217 219
0 224 216
0 250 195
0 254 219
0 258 187
0 263 187
0 277 187
0 287 192
0 291 200
0 305 217
0 337 180
0 358 205
0 374 206
1 8 211
1 12 190
1 82 181
1 89 187
1 93 208
1 122 209
1 161 201
1 208 181
1 279 202
1 325 205
1 360 215
1 361 180
1 371 219
1 379 204
1 389 213
2 9 192
2 11 190
2 39 190
2 78 190
2 82 208
2 99 196
2 105 204
2 116 193
2 118 211
2 126 189
2 145 200
2 177 199
2 211 181
2 276 185
2 311 204
2 334 204
2 338 196
2 385 181
2 386 183
2 393 207
2 394 194
3 1 212
3 20 203
3 28 190
3 35 205
3 63 220
3 79 192
3 89 181
3 137 216
3 161 186
3 177 191
3 190 211
3 191 185
3 223 204
3 227 190
3 234 202
3 249 214
3 255 194
3 263 185
3 298 212
3 303 188
3 321 212
3 323 188
3 334 191
3 380 191
3 387 213
4 38 212
4 43 208
4 49 208
4 73 189
4 74 214
4 83 208
4 168 208
4 188 208
4 202 188
4 228 180
4 255 201
4 285 194
4 286 190
4 291 189
4 300 210
4 335 220
4 368 185
4 385 189
5 9 197
5 31 189
5 39 207
5 48 190
5 65 212
5 71 200
5 101 219
5 119 214
5 121 192
5 146 195
5 147 204
5 148 215
5 205 215
5 235 191
5 239 210
5 240 180
5 307 203
5 315 190
5 321 180
5 323 190
5 328 201
5 337 189
5 352 209
5 363 216
5 366 186
5 389 202
6 3 220
6 4 183
6 10 183
6 21 194
6 24 201
6 36 186
6 73 206
6 75 180
6 88 214
6 117 211
6 131 217
6 144 202
6 177 186
6 199 207
6 220 191
6 272 215
6 309 190
6 332 207
6 334 212
6 366 189
7 17 210
7 21 203
7 28 206
7 49 217
7 61 183
7 108 220
7 110 210
7 142 207
7 157 183
7 196 195
7 241 203
7 251 202
7 255 184
7 258 210
7 261 203
7 301 201
7 344 187
7 363 192
8 25 210
8 68 207
8 90 195
8 99 182
8 105 217
8 143 219
8 148 183
8 164 212
8 182 200
8 184 202
8 185 194
8 201 202
8 205 202
8 212 204
8 246 191
8 259 213
8 274 207
8 298 200
8 300 214
8 319 199
8 345 212
8 353 193
8 382 217
8 395 213
9 25 181
9 47 194
9 83 187
9 86 210
9 112 207
9 113 193
9 115 212
9 200 189
9 221 212
9 285 180
9 321 200
9 372 188
9 373 204
9 393 196
10 20 181
10 27 199
10 38 183
10 68 216
10 71 181
10 73 185
10 81 189
10 97 186
10 112 180
10 177 195
10 179 181
10 191 219
10 222 202
10 242 189
10 245 197
10 262 206
10 275 192
10 287 200
10 291 182
10 294 183
10 310 200
10 322 201
10 324 202
10 368 192
10 397 217
11 87 186
11 93 198
11 117 210
11 119 213
11 134 205
11 148 187
11 150 196
11 157 186
11 219 195
11 225 205
11 227 205
11 231 188
11 279 219
11 389 197
12 24 207
12 38 194
12 41 210
12 48 209
12 64 193
12 71 188
12 107 206
12 124 211
12 129 216
12 132 214
12 202 201
12 229 195
12 272 186
12 313 183
12 332 186
13 7 209
13 19 199
13 30 192
13 64 184
13 106 195
13 135 180
13 141 214
13 157 205
13 165 182
13 187 220
13 196 196
13 203 206
13 205 194
13 238 201
13 242 195
13 255 203
13 297 195
13 305 194
13 306 202
13 387 196
13 397 194
14 75 180
14 77 180
14 80 188
14 115 211
14 116 210
14 129 182
14 141 183
14 147 216
14 186 180
14 203 191
14 228 207
14 268 216
14 272 182
14 341 185
14 360 214
14 366 180
14 399 212
15 31 184
15 32 184
15 58 212
15 67 188
15 77 209
15 120 205
15 166 187
15 171 195
15 266 217
15 269 210
15 271 180
15 296 189
15 306 206
15 330 207
15 381 209
15 382 189
15 391 180
15 392 196
16 62 199
16 98 189
16 107 190
16 148 204
16 156 195
16 164 218
16 167 198
16 183 185
16 194 219
16 201 213
16 241 188
16 297 208
16 300 211
16 332 194
16 351 181
16 366 205
16 379 194
16 384 188
17 42 203
17 89 190
17 127 188
17 158 185
17 166 205
17 175 194
17 180 181
17 217 182
17 309 195
17 354 181
17 370 193
17 382 203
18 16 188
18 35 182
18 49 192
18 58 201
18 80 193
18 102 202
18 142 187
18 145 206
18 149 218
18 188 198
18 189 184
18 210 195
18 240 192
18 243 195
18 278 211
18 283 202
18 290 219
18 306 182
18 333 203
18 342 216
18 354 217
18 359 194
18 365 201
18 372 201
18 396 199
19 0 206
19 46 186
19 69 200
19 73 218
19 91 217
19 100 216
19 106 197
19 110 219
19 166 194
19 167 201
19 188 185
19 273 217
19 282 210
19 290 213
19 292 186
19 328 183
19 334 210
19 350 183
19 367 199
19 395 218
19 396 183
20 3 215
20 12 183
20 54 193
20 103 186
20 108 205
20 136 202
20 143 218
20 177 211
20 217 192
20 223 200
20 227 211
20 242 183
20 263 212
20 267 186
20 279 215
20 301 188
20 304 180
20 331 203
20 358 212
21 5 205
21 9 194
21 12 208
21 18 196
21 54 190
21 69 202
21 73 214
21 76 195
21 100 217
21 103 210
21 106 202
21 130 199
21 133 219
21 161 186
21 162 205
21 163 201
21 179 218
21 180 182
21 206 215
21 232 183
21 268 217
21 278 202
21 291 198
21 294 193
21 367 216
21 385 211
22 4 185
22 27 180
22 44 198
22 53 211
22 57 195
22 72 188
22 78 182
22 94 199
22 105 218
22 123 193
22 127 213
22 170 194
22 173 184
22 231 218
22 255 192
22 265 199
22 308 212
22 346 193
22 359 201
22 390 198
23 11 199
23 40 189
23 45 211
23 53 188
23 119 194
23 127 198
23 180 207
23 188 213
23 192 212
23 193 219
23 199 201
23 218 185
23 222 187
23 225 199
23 236 216
23 247 187
23 256 207
23 275 194
23 281 202
23 290 204
23 315 217
23 317 205
23 324 220
23 328 203
23 347 186
24 18 216
24 23 201
24 31 218
24 90 194
24 144 200
24 158 219
24 232 194
24 237 212
24 253 208
24 277 199
24 284 207
24 323 206
24 331 215
24 335 195
24 349 199
24 380 218
24 400 207
25 24 197
25 65 199
25 72 204
25 78 220
25 104 198
25 108 190
25 109 207
25 141 183
25 165 195
25 166 188
25 172 204
25 175 220
25 176 180
25 192 202
25 193 197
25 236 212
25 248 187
25 254 207
25 261 196
25 291 187
25 295 183
25 334 206
25 347 196
25 363 206
25 373 216
26 7 193
26 31 217
26 41 183
26 47 198
26 52 184
26 74 185
26 88 202
26 117 182
26 150 199
26 157 217
26 161 180
26 191 187
26 200 200
26 203 220
26 216 196
26 222 182
26 241 217
26 253 217
26 263 210
26 293 198
26 303 212
26 310 182
26 338 186
26 359 192
26 390 212
27 3 196
27 8 188
27 11 195
27 22 199
27 56 196
27 83 218
27 162 182
27 200 192
27 246 210
27 253 189
27 315 194
28 2 220
28 17 189
28 21 190
28 27 191
28 36 218
28 45 192
28 88 183
28 94 216
28 148 217
28 193 210
28 195 187
28 210 191
28 254 192
28 255 206
28 262 212
28 271 191
28 310 212
28 311 181
28 318 182
28 387 204
29 3 220
29 37 190
29 55 200
29 58 220
29 105 215
29 112 219
29 140 210
29 169 212
29 238 202
29 278 187
29 296 188
29 325 192
29 326 213
29 341 215
30 0 200
30 12 196
30 88 217
30 138 183
30 159 181
30 167 217
30 187 195
30 195 202
30 255 189
30 309 200
30 315 213
30 367 198
30 368 187
31 26 219
31 46 196
31 61 183
31 64 214
31 89 202
31 104 204
31 112 187
31 127 183
31 135 203
31 144 204
31 175 186
31 184 196
31 186 187
31 192 198
31 210 214
31 224 194
31 242 182
31 264 189
31 274 213
31 292 219
31 298 206
31 301 182
31 371 188
31 377 202
31 394 201
32 22 193
32 47 191
32 122 200
32 141 181
32 171 190
32 192 184
32 193 210
32 221 206
32 338 215
32 360 208
33 20 207
33 52 187
33 54 209
33 55 202
33 100 216
33 103 186
33 104 188
33 106 195
33 148 206
33 153 199
33 174 199
33 213 214
33 229 217
33 278 185
33 284 187
33 285 201
33 347 185
33 365 197
33 371 193
33 400 217
34 20 201
34 60 212
34 87 216
34 123 215
34 147 195
34 152 188
34 162 194
34 189 194
34 192 213
34 219 211
34 239 187
34 248 187
34 270 200
34 275 206
34 312 205
34 338 195
34 379 217
34 380 184
34 384 184
34 397 196
35 2 211
35 23 203
35 51 201
35 67 190
35 91 197
35 100 215
35 137 216
35 144 214
35 170 194
35 175 194
35 204 209
35 214 190
35 249 186
35 254 196
35 279 216
35 294 189
35 389 206
35 399 185
36 11 220
36 33 185
36 54 189
36 86 214
36 106 213
36 117 215
36 138 200
36 151 191
36 164 203
36 167 214
36 173 189
36 194 210
36 217 199
36 237 192
36 258 193
36 266 220
36 275 208
36 305 192
36 310 197
36 313 220
36 374 215
36 395 197
37 8 199
37 22 212
37 52 212
37 71 215
37 89 215
37 138 204
37 141 212
37 142 207
37 215 192
37 219 216
37 221 212
37 243 197
37 264 192
37 289 180
37 355 212
38 7 199
38 12 181
38 28 202
38 37 203
38 43 197
38 61 218
38 88 189
38 115 190
38 128 209
38 183 218
38 190 187
38 236 203
38 241 200
38 247 203
38 268 200
38 308 183
38 309 219
38 325 191
38 326 206
38 329 217
38 334 208
38 361 196
38 365 202
38 370 218
38 389 210
38 395 212
38 396 204
39 16 180
39 25 203
39 37 188
39 62 219
39 73 218
39 97 197
39 106 210
39 119 210
39 175 180
39 248 200
39 250 220
39 251 185
39 258 213
39 260 216
39 313 200
39 343 219
39 355 180
39 356 181
39 377 210
39 380 207
39 381 210
40 13 213
40 61 196
40 109 181
40 147 206
40 172 186
40 199 183
40 219 218
40 229 212
40 250 189
40 258 187
40 261 187
40 269 203
40 272 193
40 289 201
40 295 189
40 303 211
40 320 208
40 321 194
40 322 219
40 324 209
40 348 212
40 377 183
40 383 184
40 394 214
41 4 212
41 101 186
41 106 181
41 118 216
41 144 204
41 158 187
41 172 206
41 182 212
41 189 184
41 210 190
41 244 207
41 249 181
41 262 188
41 339 197
41 369 203
41 372 204
41 379 207
41 388 203
41 396 183
42 22 183
42 23 207
42 33 193
42 37 184
42 64 194
42 71 210
42 87 218
42 97 188
42 98 216
42 129 219
42 202 201
42 203 189
42 232 184
42 261 206
42 287 199
42 297 199
42 325 192
42 327 198
42 339 188
42 364 217
42 369 194
42 382 209
42 383 198
42 389 180
43 10 195
43 15 188
43 61 187
43 62 206
43 68 211
43 96 210
43 125 186
43 132 190
43 184 187
43 187 213
43 197 198
43 202 188
43 206 212
43 209 199
43 222 205
43 231 192
43 232 180
43 249 197
43 255 218
43 264 214
43 276 182
43 287 194
43 289 182
43 314 200
43 350 182
43 368 195
43 372 208
43 380 195
44 4 183
44 15 199
44 46 186
44 53 200
44 63 208
44 64 207
44 69 187
44 83 204
44 94 218
44 144 185
44 224 204
44 259 211
44 276 181
44 278 215
44 292 202
44 308 184
44 351 191
44 378 215
44 380 200
44 388 185
44 390 213
45 18 218
45 65 212
45 67 210
45 73 183
45 77 193
45 93 208
45 110 198
45 161 197
45 169 185
45 172 206
45 190 213
45 245 198
45 277 183
45 283 216
45 288 207
45 293 210
45 329 195
45 339 206
45 362 206
45 367 185
45 377 191
46 12 205
46 59 216
46 107 204
46 112 190
46 115 191
46 121 191
46 137 220
46 143 206
46 178 189
46 186 218
46 192 215
46 206 201
46 249 181
46 252 209
46 257 208
46 340 220
46 376 203
46 390 195
46 396 214
47 5 197
47 15 203
47 36 184
47 40 212
47 75 199
47 104 186
47 227 216
47 303 195
47 317 191
47 353 202
47 359 189
47 396 209
48 27 184
48 56 208
48 73 207
48 104 207
48 126 186
48 144 217
48 148 205
48 155 197
48 177 216
48 182 208
48 204 210
48 215 210
48 227 204
48 245 215
48 275 210
48 287 204
48 289 184
48 291 190
48 320 195
48 330 203
48 336 196
48 354 180
48 356 215
48 367 211
48 371 204
48 376 201
49 64 217
49 161 198
49 170 185
49 182 200
49 221 212
49 235 180
49 237 191
49 290 191
49 314 194
49 389 214
49 391 194
50 6 215
50 38 192
50 39 201
50 54 188
50 69 189
50 130 197
50 143 196
50 162 212
50 165 212
50 167 197
50 172 182
50 179 201
50 219 181
50 227 187
50 230 218
50 233 182
50 262 219
50 300 192
50 305 198
50 324 194
50 325 216
50 356 214
50 361 208
50 370 210
50 382 180
50 391 193
51 11 212
51 12 212
51 53 197
51 78 193
51 103 212
51 127 184
51 152 194
51 169 196
51 171 207
51 208 201
51 227 210
51 232 213
51 245 213
51 247 201
51 256 194
51 257 193
51 266 207
51 271 189
51 303 200
51 333 200
51 355 217
51 378 206
52 6 186
52 10 185
52 78 202
52 96 203
52 97 206
52 111 215
52 119 185
52 172 219
52 198 216
52 211 219
52 214 220
52 245 217
52 262 190
52 340 196
52 347 182
52 392 201
53 3 216
53 14 214
53 17 211
53 35 217
53 45 185
53 63 181
53 80 206
53 83 205
53 90 210
53 114 203
53 125 218
53 171 194
53 218 208
53 232 215
53 251 220
53 260 195
53 265 220
53 287 212
53 308 220
53 311 192
53 323 200
53 335 188
53 341 212
53 346 193
53 357 195
53 374 212
53 376 187
53 385 189
53 400 200
54 27 217
54 46 188
54 51 194
54 89 192
54 111 205
54 126 202
54 164 214
54 187 205
54 195 220
54 206 205
54 233 220
54 236 192
54 246 202
54 249 213
54 261 206
54 268 193
54 273 181
54 308 188
54 327 184
54 352 201
54 365 203
54 372 202
55 4 212
55 8 211
55 45 204
55 135 219
55 142 185
55 164 197
55 192 200
55 198 185
55 250 214
55 292 217
55 327 185
55 340 217
55 355 212
55 374 201
55 375 196
55 389 216
56 2 197
56 8 193
56 31 192
56 79 187
56 88 202
56 103 217
56 118 214
56 129 192
56 153 195
56 160 214
56 164 207
56 177 203
56 217 203
56 240 220
56 246 206
56 256 195
56 389 198
57 16 206
57 45 186
57 46 185
57 59 188
57 114 181
57 139 193
57 142 202
57 144 181
57 147 212
57 154 187
57 204 220
57 243 201
57 262 183
57 279 218
57 281 194
57 287 192
57 295 202
57 311 182
57 322 217
57 323 215
57 354 215
58 27 208
58 131 180
58 138 188
58 143 185
58 145 205
58 153 181
58 211 180
58 228 197
58 254 217
58 289 203
58 308 201
58 334 184
58 375 208
58 394 207
59 4 188
59 10 182
59 55 183
59 56 198
59 81 204
59 89 204
59 97 181
59 121 218
59 123 192
59 157 217
59 178 219
59 217 205
59 229 217
59 273 219
59 278 219
59 310 184
59 386 202
60 2 214
60 27 192
60 47 201
60 50 197
60 52 205
60 69 183
60 70 197
60 84 200
60 87 209
60 96 209
60 99 217
60 150 182
60 156 210
60 166 188
60 212 180
60 259 215
60 271 195
60 283 203
60 305 217
60 324 190
60 345 194
60 348 187
60 355 215
60 362 180
60 365 215
61 14 186
61 21 187
61 26 215
61 32 211
61 66 187
61 69 218
61 101 185
61 106 191
61 170 193
61 171 200
61 189 207
61 218 195
61 222 185
61 228 202
61 248 205
61 264 186
61 298 198
61 321 218
62 18 216
62 23 184
62 36 217
62 65 203
62 80 192
62 82 213
62 84 203
62 138 187
62 156 217
62 201 184
62 210 211
62 215 214
62 243 194
62 250 191
62 264 211
62 266 207
62 319 214
62 332 211
62 348 213
62 361 197
62 364 180
62 376 199
62 387 180
63 3 189
63 31 209
63 124 181
63 126 194
63 129 217
63 139 209
63 161 199
63 167 205
63 228 217
63 240 189
63 257 187
63 306 219
63 340 198
63 347 183
63 370 203
64 23 201
64 27 218
64 46 189
64 59 199
64 89 216
64 102 212
64 104 210
64 155 220
64 192 217
64 270 182
64 284 203
64 289 186
64 329 186
64 343 183
64 347 219
64 355 183
64 386 211
64 393 213
65 59 202
65 69 184
65 112 181
65 113 198
65 118 197
65 167 213
65 187 205
65 207 180
65 221 191
65 222 186
65 230 188
65 239 181
65 275 194
65 301 181
65 319 198
65 339 218
66 18 211
66 76 217
66 78 180
66 87 188
66 97 193
66 122 218
66 183 212
66 184 187
66 187 201
66 195 191
66 225 184
66 232 193
66 253 180
66 285 189
66 295 182
66 311 182
66 317 199
67 39 209
67 48 180
67 54 210
67 73 198
67 113 211
67 125 186
67 144 185
67 158 210
67 163 180
67 231 188
67 241 192
67 257 185
67 265 194
67 299 209
67 342 195
67 386 199
68 24 194
68 29 191
68 31 186
68 47 214
68 51 195
68 80 181
68 143 190
68 146 207
68 147 216
68 153 212
68 159 202
68 187 208
68 198 214
68 226 186
68 228 200
68 232 184
68 309 209
68 312 207
68 338 209
68 340 199
68 361 210
68 384 197
68 386 198
68 388 180
69 12 211
69 27 190
69 40 196
69 79 211
69 94 207
69 111 180
69 152 197
69 252 186
69 277 211
69 307 204
69 317 191
69 344 192
69 346 216
69 359 209
69 362 181
69 368 207
69 392 216
69 396 203
70 8 182
70 58 188
70 80 191
70 115 185
70 185 219
70 186 181
70 245 192
70 251 185
70 300 191
70 310 180
70 349 186
70 363 187
70 369 195
70 385 204
71 68 209
71 76 188
71 122 199
71 135 184
71 179 213
71 201 211
71 208 213
71 217 186
71 224 217
71 236 199
71 237 200
71 275 192
71 281 191
71 314 193
71 315 185
71 335 183
71 346 197
71 355 196
71 360 204
71 364 193
71 376 207
71 380 220
72 5 194
72 30 196
72 37 215
72 108 214
72 118 216
72 165 195
72 191 200
72 223 200
72 239 201
72 244 215
72 252 209
72 273 189
72 280 220
72 291 182
72 335 211
72 338 196
72 344 205
72 348 185
72 360 198
72 394 204
73 24 189
73 26 213
73 94 193
73 105 216
73 131 193
73 138 203
73 153 203
73 206 218
73 218 215
73 249 215
73 251 185
73 259 216
73 283 219
73 314 207
73 359 191
73 385 183
74 10 211
74 27 199
74 35 217
74 37 183
74 45 198
74 49 183
74 69 213
74 80 186
74 109 187
74 145 183
74 199 217
74 214 202
74 248 188
74 263 198
74 279 203
74 280 195
74 288 193
74 291 201
74 303 192
74 322 185
74 352 200
74 390 187
75 14 195
75 86 187
75 120 184
75 133 202
75 195 190
75 216 215
75 255 204
75 273 210
75 285 190
75 294 203
75 299 190
75 307 182
75 308 182
75 318 217
75 327 215
75 338 203
75 346 212
75 372 213
76 11 205
76 16 201
76 25 201
76 33 201
76 41 219
76 43 188
76 75 211
76 78 200
76 129 206
76 132 181
76 144 191
76 173 205
76 200 215
76 237 211
76 252 184
76 313 203
76 326 209
76 336 192
76 341 188
76 370 192
77 5 217
77 15 180
77 19 185
77 46 219
77 68 205
77 95 181
77 113 211
77 115 197
77 135 206
77 143 208
77 150 201
77 157 194
77 165 197
77 199 202
77 226 214
77 245 211
77 262 194
77 304 185
77 319 210
77 325 189
77 355 188
77 358 186
77 380 211
78 45 193
78 62 197
78 123 195
78 138 216
78 139 198
78 161 218
78 169 218
78 192 208
78 199 180
78 208 211
78 222 207
78 228 216
78 232 184
78 239 192
78 250 200
78 287 183
78 294 185
78 297 216
78 315 197
78 319 216
78 342 188
79 0 184
79 35 194
79 40 206
79 50 206
79 105 213
79 147 210
79 212 181
79 240 200
79 264 187
79 279 217
79 296 189
79 298 218
79 301 191
79 312 194
79 316 216
79 346 198
79 360 201
79 387 186
80 1 214
80 16 184
80 30 191
80 41 198
80 62 210
80 91 210
80 110 186
80 117 200
80 174 211
80 193 206
80 196 188
80 214 188
80 256 191
80 310 212
80 320 184
80 325 188
80 326 194
80 343 209
80 346 202
80 377 204
81 21 195
81 40 218
81 69 195
81 71 212
81 74 194
81 96 202
81 109 212
81 122 211
81 144 203
81 199 196
81 224 200
81 274 205
81 302 206
81 315 207
81 327 190
81 341 181
81 366 181
81 375 187
81 397 203
82 13 218
82 38 208
82 55 206
82 85 191
82 89 217
82 99 220
82 120 186
82 188 220
82 261 194
82 263 216
82 268 204
82 322 184
82 329 192
82 384 209
82 400 204
83 97 188
83 103 183
83 133 183
83 142 201
83 174 213
83 202 214
83 218 219
83 236 219
83 240 201
83 245 213
83 251 211
83 252 202
83 269 203
83 286 192
83 307 212
83 329 185
83 335 192
83 356 217
83 357 197
83 384 208
83 399 214
84 29 211
84 40 200
84 59 212
84 69 206
84 73 202
84 80 182
84 108 207
84 130 194
84 151 216
84 157 202
84 180 185
84 216 205
84 272 187
84 295 193
84 306 219
84 309 189
84 332 188
84 346 187
84 378 202
84 383 206
84 384 206
84 387 205
84 391 181
84 394 192
84 397 210
85 27 197
85 45 212
85 56 215
85 129 209
85 146 182
85 172 199
85 176 184
85 182 200
85 207 187
85 219 181
85 233 213
85 237 189
85 259 211
85 264 196
85 279 186
85 291 213
85 300 202
85 301 219
85 304 194
85 312 196
85 332 218
85 359 182
85 390 181
86 25 214
86 54 217
86 62 191
86 67 193
86 81 204
86 110 203
86 146 201
86 178 190
86 184 209
86 202 198
86 203 190
86 225 183
86 236 184
86 254 208
86 260 218
86 280 180
86 290 193
86 292 220
86 311 216
86 354 215
86 382 197
86 389 180
86 396 207
87 3 198
87 12 201
87 26 190
87 28 209
87 46 185
87 92 204
87 107 199
87 109 219
87 169 211
87 173 190
87 175 218
87 238 219
87 239 201
87 244 190
87 249 209
87 272 210
87 273 199
87 274 180
87 280 205
87 284 201
87 289 216
87 299 201
87 351 211
87 359 208
87 374 187
87 386 215
87 388 194
87 389 218
87 391 216
88 20 210
88 21 197
88 23 196
88 33 190
88 67 219
88 69 198
88 73 180
88 89 207
88 92 193
88 102 188
88 139 181
88 160 183
88 161 197
88 162 193
88 186 200
88 214 212
88 227 192
88 242 187
88 293 215
88 301 195
88 324 192
88 331 181
88 333 185
88 336 182
88 339 203
89 33 182
89 48 192
89 65 182
89 72 207
89 74 207
89 90 195
89 132 207
89 135 204
89 146 191
89 154 197
89 180 195
89 194 203
89 201 212
89 217 217
89 227 190
89 232 213
89 235 195
89 242 218
89 244 189
89 325 184
89 335 215
89 362 208
89 369 199
90 29 181
90 30 184
90 47 205
90 118 212
90 132 215
90 154 216
90 177 210
90 193 218
90 231 204
90 255 205
90 267 191
90 281 183
90 282 209
90 304 191
90 363 214
90 381 215
91 2 203
91 4 204
91 14 207
91 65 206
91 71 196
91 90 216
91 124 185
91 129 216
91 131 197
91 142 218
91 163 181
91 168 181
91 185 188
91 192 187
91 201 183
91 210 199
91 234 189
91 237 187
91 261 211
91 286 200
91 310 220
91 312 201
91 340 206
91 355 219
91 357 217
91 358 191
91 382 198
91 397 197
91 399 188
92 14 211
92 37 202
92 40 180
92 70 219
92 101 181
92 122 197
92 124 194
92 154 185
92 169 201
92 190 183
92 208 216
92 219 214
92 225 193
92 305 194
92 314 204
92 334 192
92 343 208
93 16 205
93 18 195
93 23 206
93 55 197
93 72 188
93 102 202
93 113 215
93 168 211
93 186 193
93 202 186
93 207 208
93 215 183
93 238 194
93 247 203
93 253 194
93 254 199
93 281 213
93 318 189
93 343 202
93 361 218
93 362 204
93 363 218
93 375 184
93 378 193
93 384 189
93 392 216
93 395 193
93 400 180
94 7 200
94 33 217
94 55 209
94 63 193
94 81 194
94 105 182
94 114 207
94 132 205
94 176 205
94 203 187
94 218 209
94 228 180
94 233 183
94 262 217
94 282 194
94 285 211
94 296 208
94 304 208
94 313 217
94 315 209
94 328 215
94 333 187
94 334 215
95 7 194
95 13 219
95 40 216
95 67 201
95 79 201
95 80 205
95 83 198
95 88 207
95 105 196
95 107 203
95 125 213
95 138 211
95 157 198
95 160 203
95 169 206
95 173 216
95 182 218
95 227 213
95 245 213
95 274 180
95 282 211
95 303 200
95 320 193
95 342 198
95 379 219
96 34 214
96 43 219
96 48 201
96 58 196
96 59 191
96 64 182
96 78 191
96 111 184
96 114 208
96 137 190
96 150 207
96 165 195
96 173 205
96 188 219
96 209 192
96 231 220
96 254 210
96 262 202
96 263 180
96 268 216
96 286 187
96 297 210
96 318 197
96 341 190
96 345 186
96 347 212
96 374 204
96 376 216
96 392 201
96 394 201
96 396 192
97 13 183
97 18 189
97 23 218
97 25 185
97 39 214
97 50 205
97 106 198
97 109 192
97 126 195
97 130 196
97 160 199
97 162 206
97 169 210
97 176 198
97 179 188
97 182 198
97 265 205
97 286 181
97 330 197
97 338 213
97 341 207
97 350 204
98 11 219
98 27 192
98 47 193
98 51 201
98 76 212
98 87 196
98 109 219
98 120 200
98 140 193
98 149 192
98 164 190
98 166 214
98 179 184
98 181 186
98 193 199
98 205 211
98 225 213
98 229 208
98 261 188
98 273 202
98 289 217
98 329 215
98 334 213
98 340 212
98 344 212
98 368 181
98 392 211
98 394 200
99 49 190
99 65 208
99 68 215
99 125 214
99 129 215
99 143 186
99 162 203
99 169 180
99 180 181
99 189 191
99 191 220
99 192 188
99 226 188
99 229 183
99 247 217
99 285 192
99 287 188
99 309 198
99 346 218
99 357 203
99 379 185
99 380 184
99 381 187
100 6 190
100 34 188
100 88 199
100 141 195
100 145 213
100 196 208
100 202 195
100 264 197
100 303 195
100 329 211
100 332 210
100 334 218
100 359 218
101 44 184
101 48 184
101 56 186
101 67 213
101 83 191
101 84 209
101 114 200
101 151 193
101 152 184
101 166 219
101 225 212
101 252 220
101 257 200
101 277 211
101 279 212
101 300 195
101 312 217
101 316 215
101 318 204
101 328 214
101 334 203
101 348 208
101 350 211
101 366 190
101 389 217
101 397 219
101 400 188
102 5 193
102 18 206
102 27 184
102 28 187
102 32 195
102 77 207
102 108 214
102 175 185
102 177 183
102 179 201
102 200 186
102 233 191
102 239 186
102 276 196
102 282 212
102 294 214
102 309 219
102 310 216
102 322 194
102 341 209
102 392 213
102 399 216
103 10 214
103 36 188
103 131 181
103 139 216
103 159 218
103 165 216
103 167 208
103 187 189
103 217 198
103 220 216
103 271 180
103 274 185
103 283 183
103 285 219
103 287 200
103 297 195
103 318 201
103 324 190
103 327 217
103 335 187
103 348 198
103 352 194
103 354 195
103 382 183
103 400 204
104 26 188
104 38 190
104 46 209
104 64 196
104 77 209
104 83 216
104 94 185
104 127 211
104 166 214
104 167 210
104 168 191
104 190 181
104 195 215
104 228 206
104 270 217
104 276 217
104 278 185
104 281 187
104 307 202
104 318 220
104 323 202
104 334 209
104 359 200
104 364 187
104 394 181
105 24 194
105 57 196
105 101 216
105 112 198
105 119 202
105 135 219
105 150 215
105 198 205
105 229 217
105 231 216
105 267 219
105 272 203
105 311 186
105 351 220
105 364 188
106 25 216
106 36 187
106 44 212
106 59 200
106 94 191
106 113 212
106 116 215
106 137 205
106 139 192
106 160 180
106 163 213
106 173 217
106 228 217
106 250 195
106 253 207
106 282 201
106 302 216
106 363 182
107 17 189
107 35 219
107 48 182
107 59 213
107 61 219
107 86 192
107 97 183
107 115 200
107 121 217
107 145 199
107 152 193
107 154 205
107 166 183
107 178 210
107 234 183
107 251 189
107 253 197
107 256 211
107 275 219
107 286 210
107 287 215
107 344 207
107 358 188
107 384 216
108 1 185
108 12 190
108 27 200
108 45 203
108 53 202
108 57 183
108 75 213
108 106 219
108 124 213
108 148 207
108 153 200
108 251 195
108 263 203
108 272 195
108 296 188
108 297 218
108 348 184
108 374 215
108 376 182
109 4 205
109 16 206
109 26 185
109 30 188
109 56 198
109 77 210
109 110 194
109 117 181
109 145 188
109 162 195
109 170 213
109 209 197
109 214 199
109 219 204
109 237 198
109 254 181
109 257 198
109 309 212
109 318 211
109 339 213
109 343 188
109 361 205
109 381 184
109 382 216
110 31 211
110 52 200
110 75 209
110 100 193
110 187 216
110 196 201
110 247 181
110 256 199
110 276 207
110 282 206
110 288 195
110 321 184
110 359 211
110 374 211
110 375 186
110 387 215
110 391 184
110 393 216
110 394 181
111 47 187
111 56 202
111 58 217
111 65 194
111 67 209
111 112 201
111 119 180
111 144 203
111 170 204
111 179 215
111 202 198
111 207 218
111 212 185
111 215 214
111 244 190
111 246 208
111 255 195
111 267 186
111 275 192
111 288 214
111 320 206
111 338 188
111 339 208
111 379 196
111 389 218
112 24 184
112 28 203
112 47 199
112 67 193
112 75 210
112 79 208
112 97 208
112 124 220
112 138 195
112 141 191
112 165 195
112 184 199
112 198 188
112 208 218
112 218 196
112 224 212
112 247 200
112 346 185
112 371 186
112 390 214
112 397 195
113 1 217
113 20 214
113 28 212
113 35 198
113 39 190
113 58 191
113 59 184
113 74 191
113 75 220
113 146 183
113 159 220
113 193 192
113 196 214
113 252 210
113 253 208
113 261 183
113 276 210
113 282 209
113 292 185
113 334 180
113 336 212
113 343 188
113 375 198
113 380 217
114 66 202
114 139 189
114 144 189
114 150 194
114 172 209
114 186 196
114 191 213
114 207 209
114 209 219
114 213 180
114 218 182
114 261 198
114 269 220
114 318 205
114 325 209
114 382 192
115 18 202
115 22 193
115 25 212
115 27 186
115 32 193
115 48 219
115 52 187
115 55 205
115 64 193
115 69 180
115 71 181
115 94 183
115 134 198
115 135 217
115 170 180
115 171 200
115 181 196
115 182 180
115 194 183
115 197 207
115 211 181
115 220 202
115 228 201
115 266 214
115 295 193
115 298 186
115 307 190
115 331 182
115 332 182
115 334 193
115 339 215
115 340 199
115 347 210
115 387 199
116 20 209
116 26 199
116 42 201
116 43 220
116 77 213
116 101 202
116 117 185
116 123 192
116 162 187
116 163 211
116 177 206
116 186 214
116 229 195
116 231 208
116 251 188
116 285 197
116 287 192
116 307 208
116 318 200
116 371 216
116 377 213
116 381 188
116 385 180
117 44 209
117 48 201
117 55 208
117 62 188
117 91 202
117 144 210
117 173 201
117 187 212
117 198 191
117 221 219
117 240 204
117 246 191
117 248 203
117 277 192
117 285 199
117 292 212
117 311 213
117 328 185
117 353 198
117 383 201
117 385 200
118 26 192
118 60 204
118 96 209
118 117 185
118 126 191
118 137 204
118 142 211
118 166 188
118 167 196
118 190 181
118 271 188
118 283 198
118 286 196
118 289 185
118 306 180
118 316 183
118 320 189
118 395 201
118 400 185
119 4 209
119 8 206
119 14 187
119 28 194
119 38 197
119 56 190
119 83 206
119 96 180
119 124 180
119 143 217
119 157 188
119 161 196
119 178 219
119 199 180
119 251 207
119 258 219
119 269 180
119 272 213
119 278 185
119 290 189
119 296 184
119 367 185
119 373 183
120 3 200
120 19 207
120 24 199
120 56 217
120 97 215
120 98 220
120 110 208
120 135 211
120 157 193
120 170 195
120 195 180
120 220 191
120 235 197
120 273 193
120 283 189
120 303 192
120 308 187
120 309 183
120 314 191
120 363 219
120 366 189
120 369 198
120 381 219
120 392 189
120 395 196
121 24 205
121 50 201
121 61 182
121 83 188
121 115 194
121 134 214
121 154 216
121 202 199
121 208 199
121 214 218
121 232 208
121 240 182
121 284 182
121 307 215
121 316 196
121 318 217
121 331 214
121 332 220
121 385 217
121 388 207
122 7 203
122 15 213
122 25 216
122 55 188
122 88 182
122 99 213
122 110 204
122 135 207
122 142 215
122 158 199
122 173 208
122 186 193
122 203 202
122 206 198
122 252 214
122 255 216
122 259 197
122 300 207
122 353 213
122 360 181
122 376 191
123 18 206
123 33 218
123 40 204
123 42 187
123 55 216
123 91 215
123 150 187
123 152 186
123 176 214
123 198 203
123 202 210
123 280 196
123 285 201
123 302 216
123 323 207
123 339 190
123 366 220
123 390 190
123 393 218
124 21 212
124 32 203
124 39 216
124 40 190
124 42 201
124 73 194
124 97 210
124 108 213
124 125 204
124 168 180
124 172 181
124 187 183
124 217 218
124 224 199
124 230 211
124 264 200
124 271 207
124 313 205
124 327 214
124 352 207
124 362 191
124 396 194
125 72 216
125 85 215
125 95 185
125 105 198
125 113 209
125 117 195
125 143 211
125 150 215
125 183 186
125 197 194
125 199 218
125 211 183
125 215 219
125 225 205
125 248 190
125 251 192
125 261 208
125 287 185
125 351 196
126 5 181
126 24 187
126 36 211
126 86 202
126 128 209
126 138 189
126 143 204
126 162 207
126 187 195
126 207 182
126 228 216
126 268 215
126 274 194
126 280 203
126 284 220
126 292 192
126 293 211
126 304 184
126 357 205
127 39 184
127 70 184
127 76 219
127 125 199
127 142 220
127 148 196
127 153 204
127 172 192
127 196 180
127 218 186
127 219 205
127 236 219
127 248 216
127 256 215
127 271 189
127 278 180
127 280 191
127 348 192
127 361 205
127 369 199
127 394 196
128 8 208
128 13 212
128 25 208
128 51 218
128 59 207
128 80 201
128 81 194
128 130 208
128 132 217
128 139 209
128 165 184
128 169 190
128 181 194
128 204 184
128 235 183
128 238 181
128 248 204
128 249 197
128 273 205
128 279 197
128 291 181
128 315 206
128 323 185
128 355 203
128 357 182
128 362 200
128 385 184
128 386 201
129 21 182
129 25 215
129 29 200
129 125 191
129 141 180
129 144 207
129 189 183
129 253 187
129 256 206
129 259 185
129 285 212
129 292 217
129 314 189
129 332 206
129 355 184
129 369 195
130 2 186
130 11 212
130 44 183
130 53 211
130 72 212
130 78 203
130 87 195
130 104 208
130 134 182
130 149 190
130 151 190
130 154 182
130 159 194
130 160 202
130 183 191
130 197 220
130 268 212
130 301 193
130 331 218
130 357 205
131 12 218
131 23 220
131 44 199
131 62 199
131 76 206
131 81 184
131 87 200
131 122 206
131 187 212
131 211 189
131 253 181
131 255 181
131 267 188
131 275 211
131 280 202
131 292 181
131 331 202
131 349 196
131 378 204
132 12 195
132 28 216
132 61 181
132 105 194
132 167 197
132 178 206
132 189 204
132 190 212
132 205 208
132 235 211
132 239 184
132 240 191
132 257 190
132 286 190
132 315 189
132 322 195
132 343 180
132 366 213
132 375 186
132 400 182
133 16 213
133 37 190
133 39 202
133 77 198
133 101 184
133 116 199
133 139 192
133 165 192
133 168 199
133 174 195
133 202 206
133 242 205
133 252 212
133 261 181
133 276 184
133 303 190
133 311 211
133 371 207
133 387 186
134 19 216
134 23 186
134 30 183
134 32 208
134 42 216
134 49 206
134 78 189
134 79 216
134 86 196
134 89 215
134 93 198
134 101 189
134 118 212
134 171 200
134 195 216
134 207 215
134 216 215
134 249 199
134 253 198
134 318 204
134 333 220
134 346 194
134 370 190
134 391 203
135 1 219
135 6 215
135 131 188
135 139 203
135 154 216
135 164 183
135 168 197
135 169 185
135 216 182
135 219 186
135 222 195
135 255 183
135 319 210
135 353 210
135 355 213
135 381 218
136 18 186
136 33 217
136 55 195
136 61 193
136 88 189
136 121 206
136 143 185
136 144 189
136 156 215
136 176 203
136 179 181
136 189 196
136 235 182
136 249 212
136 279 210
136 292 215
136 307 192
136 343 180
136 345 216
136 360 191
136 369 217
136 390 187
137 17 184
137 32 197
137 78 201
137 88 205
137 147 193
137 163 183
137 197 217
137 198 194
137 218 182
137 227 188
137 240 202
137 246 183
137 268 186
137 299 192
137 303 186
137 329 204
137 346 192
137 359 220
137 360 188
137 391 194
138 13 185
138 17 194
138 33 195
138 50 206
138 72 217
138 96 193
138 118 192
138 144 191
138 149 220
138 188 195
138 189 182
138 230 203
138 247 183
138 250 210
138 266 191
138 281 199
138 296 182
138 297 182
138 306 207
138 309 196
138 327 188
138 333 187
138 340 200
138 360 186
138 362 211
138 371 212
139 107 186
139 121 209
139 150 186
139 205 219
139 222 220
139 257 183
139 262 210
139 263 210
139 268 193
139 280 192
139 309 191
139 327 197
139 351 195
139 368 196
140 6 188
140 15 196
140 54 206
140 57 197
140 87 200
140 102 199
140 104 189
140 139 218
140 161 180
140 172 195
140 187 184
140 188 215
140 195 182
140 207 180
140 235 197
140 247 188
140 263 189
140 339 215
140 351 183
140 365 191
140 383 217
140 395 213
141 10 220
141 35 181
141 39 220
141 97 180
141 100 199
141 103 183
141 115 193
141 120 180
141 135 187
141 136 192
141 176 215
141 192 208
141 206 214
141 214 214
141 295 198
141 321 186
141 334 197
141 352 202
141 379 187
141 381 210
141 385 206
141 399 210
142 13 213
142 15 187
142 51 189
142 75 197
142 82 215
142 98 205
142 178 199
142 180 181
142 236 190
142 245 217
142 267 196
142 268 188
142 276 213
142 308 190
142 313 187
142 321 214
142 348 219
142 384 183
142 391 197
142 392 191
143 19 202
143 75 202
143 106 194
143 108 213
143 111 198
143 117 202
143 156 192
143 174 191
143 183 218
143 215 214
143 230 197
143 241 180
143 263 183
143 265 190
143 274 212
143 280 208
143 289 191
143 362 217
143 377 211
143 399 219
143 400 219
144 11 195
144 26 207
144 63 214
144 79 216
144 87 220
144 97 190
144 120 208
144 132 194
144 140 194
144 159 185
144 163 180
144 258 186
144 259 192
144 265 212
144 308 207
144 311 217
144 325 186
144 353 192
144 359 217
144 393 185
145 5 206
145 33 188
145 49 182
145 53 184
145 111 197
145 147 211
145 153 188
145 163 185
145 167 218
145 169 219
145 209 186
145 219 216
145 246 198
145 250 212
145 255 220
145 283 187
145 304 195
145 318 191
145 343 216
145 359 190
145 365 180
146 19 215
146 21 188
146 84 182
146 114 198
146 136 202
146 164 206
146 176 205
146 199 200
146 214 201
146 253 216
146 261 213
146 275 193
146 304 188
146 305 182
146 306 217
146 311 187
146 314 209
146 319 212
146 333 195
146 342 214
146 352 207
146 384 206
147 8 188
147 16 204
147 64 182
147 67 207
147 68 205
147 80 183
147 130 205
147 152 206
147 155 205
147 161 209
147 209 209
147 230 197
147 267 220
147 271 195
147 274 219
147 296 217
147 298 213
147 314 197
147 325 218
147 340 205
147 342 190
147 355 188
147 375 192
147 379 211
147 396 197
148 24 214
148 27 195
148 86 187
148 107 210
148 117 206
148 120 195
148 133 201
148 135 181
148 181 183
148 191 198
148 197 194
148 275 195
148 276 193
148 286 202
148 299 204
148 343 183
148 350 200
148 351 183
148 365 183
148 373 213
149 24 219
149 54 195
149 98 192
149 108 195
149 123 181
149 125 208
149 188 193
149 196 181
149 199 187
149 200 214
149 217 181
149 257 202
149 279 182
149 282 191
149 288 210
149 317 195
149 319 211
149 326 204
149 331 199
150 12 195
150 45 182
150 76 186
150 106 213
150 115 206
150 155 189
150 170 219
150 172 188
150 189 202
150 210 204
150 232 211
150 274 195
150 290 209
150 313 205
150 346 180
150 357 217
150 373 186
150 374 196
150 397 183
151 49 199
151 53 202
151 72 192
151 118 213
151 139 181
151 144 189
151 162 186
151 164 190
151 170 208
151 172 220
151 184 202
151 198 215
151 204 189
151 227 194
151 271 204
151 301 191
151 322 206
152 6 217
152 41 206
152 49 189
152 80 185
152 134 206
152 185 204
152 222 202
152 232 183
152 237 181
152 242 191
152 247 219
152 352 199
152 353 214
152 356 205
152 375 204
152 389 195
152 396 187
152 397 181
153 29 186
153 39 207
153 72 217
153 109 181
153 175 196
153 183 198
153 197 209
153 274 206
153 276 211
153 326 202
153 337 201
153 352 191
154 40 216
154 69 211
154 116 207
154 135 196
154 185 206
154 255 186
154 268 209
154 272 195
154 289 180
154 305 209
154 329 206
154 336 207
154 338 209
154 348 214
154 350 180
154 375 193
154 384 215
154 395 204
155 46 197
155 49 197
155 51 220
155 69 183
155 78 196
155 88 205
155 112 210
155 241 214
155 244 180
155 287 193
155 297 190
155 327 192
155 333 212
155 344 200
155 347 218
155 370 190
155 383 194
155 397 217
155 400 210
156 3 202
156 8 188
156 19 206
156 28 219
156 69 220
156 87 185
156 103 212
156 120 208
156 123 190
156 143 210
156 147 211
156 161 196
156 180 210
156 190 204
156 217 198
156 225 180
156 240 185
156 255 195
156 280 185
156 283 204
156 322 193
156 341 215
156 353 183
156 375 186
156 398 190
157 10 196
157 20 198
157 22 215
157 75 191
157 91 208
157 104 186
157 118 213
157 127 186
157 149 184
157 150 210
157 171 215
157 229 192
157 267 200
157 276 215
157 332 199
157 353 219
157 357 184
157 364 218
158 10 204
158 37 204
158 47 185
158 62 217
158 95 180
158 104 215
158 111 207
158 130 192
158 166 190
158 174 213
158 183 180
158 191 196
158 206 215
158 218 206
158 223 204
158 248 189
158 293 191
158 346 195
158 347 184
159 14 206
159 51 214
159 55 198
159 63 196
159 84 188
159 104 190
159 107 192
159 127 199
159 128 192
159 134 199
159 205 216
159 223 194
159 267 188
159 275 186
159 277 211
159 290 200
159 351 206
159 371 188
159 374 212
159 381 197
159 383 180
159 385 181
159 390 215
159 394 185
160 3 181
160 8 186
160 34 203
160 54 189
160 112 217
160 113 218
160 198 192
160 205 184
160 278 207
160 290 191
160 330 209
160 356 200
161 57 202
161 106 191
161 119 194
161 142 208
161 153 197
161 198 194
161 208 199
161 210 220
161 212 192
161 278 195
161 290 199
161 299 188
161 305 217
161 315 208
161 326 211
161 336 201
161 341 194
161 343 182
161 357 185
161 382 183
162 8 209
162 27 210
162 40 203
162 41 193
162 121 213
162 141 194
162 189 217
162 215 192
162 225 220
162 230 187
162 247 212
162 262 209
162 265 183
162 273 184
162 285 207
162 300 216
162 311 181
162 316 202
162 320 184
162 345 190
163 12 215
163 24 207
163 68 196
163 91 207
163 164 218
163 171 216
163 178 203
163 181 198
163 211 203
163 213 187
163 216 197
163 223 195
163 268 206
163 283 204
163 304 187
163 343 190
163 344 214
163 378 187
163 392 188
164 16 216
164 64 180
164 66 191
164 93 193
164 107 202
164 156 215
164 196 185
164 211 190
164 258 190
164 288 186
164 295 201
164 313 202
164 334 196
164 340 200
164 344 214
164 365 213
164 384 180
164 385 219
164 397 215
165 6 217
165 20 189
165 34 192
165 51 183
165 105 193
165 112 208
165 141 215
165 150 210
165 201 193
165 216 192
165 218 191
165 236 194
165 260 196
165 269 207
165 392 181
165 399 196
165 400 194
166 1 192
166 5 187
166 15 189
166 64 207
166 68 217
166 86 202
166 95 180
166 126 189
166 200 210
166 205 211
166 223 196
166 224 206
166 232 187
166 256 219
166 257 181
166 267 215
166 305 202
166 339 216
166 369 185
167 6 185
167 31 217
167 38 219
167 40 205
167 80 195
167 114 206
167 142 213
167 143 193
167 156 192
167 210 181
167 213 188
167 233 202
167 241 191
167 263 183
167 275 202
167 295 216
167 311 217
167 315 183
167 330 203
168 15 188
168 17 220
168 22 200
168 48 212
168 50 204
168 52 219
168 54 206
168 96 187
168 109 220
168 119 191
168 154 200
168 173 192
168 177 187
168 188 193
168 271 204
168 275 195
168 326 217
168 391 186
168 397 186
169 18 211
169 26 184
169 38 204
169 56 192
169 61 184
169 87 214
169 106 205
169 108 180
169 131 203
169 134 200
169 176 180
169 181 216
169 196 208
169 200 188
169 203 215
169 209 182
169 222 214
169 234 184
169 245 197
169 263 213
169 275 183
169 289 214
169 316 213
169 345 214
169 352 186
169 391 208
170 1 210
170 36 182
170 51 193
170 101 213
170 119 184
170 123 220
170 126 218
170 128 203
170 152 194
170 189 214
170 208 209
170 275 192
170 282 189
170 284 194
170 321 214
170 351 189
170 354 202
170 373 205
170 395 217
171 7 193
171 9 188
171 23 198
171 38 216
171 92 198
171 95 207
171 113 209
171 193 184
171 249 194
171 255 220
171 256 210
171 271 219
171 333 217
171 348 193
171 378 220
172 12 218
172 22 200
172 30 220
172 36 213
172 42 196
172 68 183
172 99 201
172 135 199
172 155 192
172 171 209
172 213 182
172 270 206
172 272 199
172 284 184
172 292 180
172 301 195
172 314 214
172 365 187
172 371 208
172 373 209
172 386 213
173 19 201
173 44 209
173 102 200
173 118 183
173 157 188
173 167 219
173 168 194
173 169 196
173 200 204
173 220 188
173 231 219
173 242 204
173 262 189
173 273 204
173 295 189
173 318 189
173 320 218
173 345 211
173 355 199
173 375 220
173 394 211
174 6 208
174 7 184
174 28 210
174 74 193
174 87 193
174 103 197
174 111 189
174 151 200
174 153 216
174 160 201
174 200 196
174 201 216
174 236 185
174 238 199
174 250 194
174 279 210
174 293 202
174 341 187
174 373 192
174 384 181
175 3 208
175 44 190
175 58 185
175 68 204
175 86 207
175 98 181
175 105 196
175 113 190
175 127 188
175 178 183
175 190 218
175 236 180
175 239 219
175 255 220
175 271 204
175 278 198
175 282 182
175 291 187
175 340 181
175 351 219
175 393 192
175 397 190
176 14 199
176 29 196
176 43 187
176 58 220
176 61 187
176 103 203
176 131 209
176 136 196
176 145 208
176 188 195
176 196 181
176 207 197
176 218 204
176 236 189
176 255 209
176 274 192
176 303 193
176 334 215
176 374 190
176 400 220
177 9 211
177 13 194
177 17 196
177 21 196
177 24 212
177 35 209
177 42 196
177 65 200
177 99 205
177 123 189
177 137 209
177 227 216
177 262 184
177 264 208
177 266 217
177 299 215
177 303 197
177 306 204
177 331 197
177 341 214
177 366 197
177 373 183
177 374 204
177 391 209
177 392 216
178 0 182
178 27 213
178 46 199
178 53 196
178 65 180
178 95 187
178 97 190
178 109 216
178 113 203
178 159 219
178 164 214
178 185 219
178 216 181
178 233 216
178 242 205
178 258 181
178 276 210
178 330 203
178 343 207
178 353 183
178 366 197
179 8 218
179 47 208
179 60 217
179 100 207
179 128 198
179 154 199
179 160 198
179 175 199
179 178 211
179 229 214
179 236 187
179 244 192
179 252 185
179 297 196
179 352 220
179 374 218
179 382 187
179 386 212
179 387 187
179 400 190
180 60 220
180 169 204
180 230 217
180 233 206
180 257 211
180 278 197
180 280 216
180 295 199
180 300 213
180 362 215
180 367 189
180 388 187
181 0 191
181 3 214
181 7 216
181 17 181
181 18 218
181 23 213
181 32 186
181 68 199
181 80 208
181 81 209
181 126 181
181 149 186
181 170 219
181 191 197
181 222 188
181 253 199
181 263 189
181 275 216
181 293 211
181 297 204
181 331 183
181 341 212
181 365 205
181 371 197
182 44 219
182 46 189
182 53 217
182 121 196
182 148 183
182 163 191
182 171 217
182 172 208
182 176 197
182 186 197
182 199 206
182 211 184
182 218 218
182 264 195
182 295 214
182 319 216
182 357 198
182 361 192
183 7 203
183 56 206
183 67 201
183 69 205
183 74 212
183 93 217
183 96 191
183 221 193
183 229 220
183 231 210
183 236 212
183 278 186
183 294 204
183 303 207
183 319 198
183 340 198
183 378 201
183 383 193
183 386 219
183 388 213
183 396 192
184 7 200
184 17 181
184 24 194
184 41 216
184 45 215
184 65 213
184 109 202
184 136 204
184 209 215
184 219 181
184 243 218
184 328 183
184 354 188
184 375 181
184 378 196
184 385 180
184 392 207
185 9 209
185 19 185
185 21 199
185 27 209
185 36 202
185 40 194
185 72 207
185 108 184
185 149 195
185 151 187
185 204 206
185 225 202
185 227 198
185 256 184
185 261 181
185 283 196
185 295 215
185 329 192
185 334 219
185 338 212
185 341 211
185 363 202
185 371 209
185 389 210
185 391 203
185 393 187
186 16 194
186 23 183
186 29 193
186 34 203
186 66 217
186 67 191
186 108 186
186 114 208
186 182 193
186 189 199
186 217 194
186 239 202
186 245 207
186 264 191
186 304 203
186 322 213
186 330 210
186 341 212
186 352 187
186 356 207
186 373 212
186 387 210
186 389 216
187 25 209
187 66 180
187 70 181
187 81 186
187 98 213
187 103 184
187 149 204
187 171 219
187 180 190
187 195 193
187 234 204
187 247 208
187 270 187
187 272 195
187 275 201
187 277 208
187 314 201
187 327 189
187 329 212
187 368 209
187 369 201
187 386 214
188 11 191
188 23 196
188 44 205
188 65 182
188 85 182
188 95 184
188 134 200
188 141 214
188 143 181
188 152 205
188 174 210
188 177 196
188 195 200
188 211 180
188 251 202
188 296 182
188 298 190
188 319 186
188 387 195
188 390 203
188 396 184
189 11 187
189 17 203
189 22 198
189 27 208
189 33 216
189 36 215
189 42 207
189 45 215
189 55 196
189 86 194
189 98 215
189 105 194
189 124 186
189 136 192
189 151 195
189 158 200
189 217 211
189 228 216
189 251 219
189 254 194
189 285 201
189 291 207
189 297 204
189 298 188
189 300 185
189 305 183
189 337 218
189 359 197
189 367 212
190 1 208
190 30 195
190 90 182
190 103 212
190 109 217
190 143 198
190 163 220
190 204 206
190 228 181
190 232 217
190 255 183
190 260 181
190 273 187
190 287 194
190 289 199
190 301 199
190 306 206
190 310 192
190 315 206
190 320 197
190 336 184
190 353 218
190 373 186
190 383 194
190 388 195
191 0 188
191 45 185
191 77 191
191 81 190
191 97 196
191 107 190
191 114 197
191 116 212
191 117 202
191 134 193
191 137 202
191 148 194
191 208 189
191 216 193
191 221 185
191 240 193
191 253 192
191 278 215
191 285 185
191 353 190
191 372 180
191 375 184
191 387 205
192 12 183
192 47 219
192 73 191
192 87 192
192 93 213
192 129 205
192 139 205
192 169 204
192 177 185
192 212 204
192 240 208
192 296 201
192 311 183
192 320 192
192 351 182
192 363 199
193 23 216
193 60 209
193 85 197
193 172 207
193 198 205
193 211 220
193 213 219
193 216 205
193 275 193
193 280 196
193 288 218
193 305 201
193 313 181
193 329 193
193 348 193
193 367 180
194 22 196
194 34 190
194 132 185
194 136 199
194 150 180
194 154 185
194 157 180
194 166 188
194 216 186
194 239 207
194 243 192
194 272 192
194 276 204
194 294 189
194 313 200
195 20 192
195 28 197
195 30 200
195 67 208
195 78 190
195 100 218
195 103 200
195 112 215
195 133 182
195 226 181
195 248 218
195 269 213
195 296 210
195 299 206
195 349 186
195 353 213
195 359 190
195 370 198
195 387 217
196 11 212
196 23 200
196 70 208
196 106 186
196 109 184
196 130 203
196 138 212
196 181 190
196 198 210
196 256 210
196 295 215
196 304 196
196 314 207
196 317 213
196 319 203
196 320 210
196 332 209
196 337 220
196 354 211
197 11 198
197 12 212
197 25 197
197 64 206
197 68 195
197 70 215
197 88 209
197 105 180
197 184 187
197 189 198
197 212 203
197 214 200
197 241 215
197 243 194
197 248 181
197 253 207
197 275 201
197 344 193
197 356 187
197 385 186
197 397 185
198 4 204
198 23 201
198 64 220
198 96 216
198 129 202
198 167 199
198 174 182
198 202 196
198 216 183
198 221 192
198 222 192
198 237 204
198 248 206
198 282 191
198 305 208
198 318 214
198 335 187
198 349 185
198 358 182
198 380 194
198 388 183
199 73 197
199 92 214
199 105 197
199 129 212
199 141 212
199 158 208
199 184 220
199 185 212
199 210 209
199 263 187
199 269 208
199 287 191
199 291 186
199 298 209
199 302 210
199 323 192
200 38 214
200 47 210
200 85 211
200 121 219
200 133 185
200 167 197
200 169 197
200 170 192
200 191 216
200 216 217
200 223 219
200 224 216
200 275 220
200 297 186
200 302 197
200 311 194
200 312 217
200 327 199
200 344 198
200 354 209
201 4 216
201 7 219
201 45 195
201 72 197
201 78 213
201 79 191
201 112 192
201 177 189
201 184 212
201 204 190
201 206 192
201 217 204
201 226 194
201 251 208
201 307 191
201 310 209
201 329 185
201 373 219
202 34 220
202 37 180
202 61 218
202 69 213
202 72 181
202 73 209
202 79 190
202 104 186
202 122 209
202 142 196
202 185 206
202 226 213
202 228 214
202 237 190
202 239 218
202 272 180
202 290 202
202 293 209
202 295 216
202 353 208
202 371 196
202 373 216
202 377 205
202 383 197
202 387 217
203 7 193
203 89 216
203 102 212
203 121 183
203 125 201
203 130 205
203 141 210
203 157 212
203 175 201
203 192 213
203 242 196
203 272 198
203 299 206
203 317 211
203 361 186
203 374 194
203 381 210
203 385 209
203 392 181
204 11 199
204 23 212
204 56 205
204 83 206
204 87 217
204 89 208
204 108 190
204 117 199
204 150 218
204 167 212
204 176 207
204 262 180
204 283 203
204 310 189
204 339 210
204 347 206
204 361 205
204 373 188
204 374 213
205 15 205
205 29 181
205 60 194
205 86 180
205 101 203
205 118 218
205 128 194
205 137 190
205 241 199
205 243 193
205 245 206
205 295 194
205 325 198
205 338 196
205 346 214
205 366 195
205 374 193
205 390 211
206 4 183
206 69 200
206 75 199
206 83 217
206 88 196
206 154 217
206 160 190
206 184 198
206 191 208
206 236 181
206 264 211
206 371 220
206 394 211
206 400 191
207 2 205
207 11 215
207 18 191
207 36 212
207 45 197
207 50 189
207 61 181
207 83 202
207 95 191
207 104 193
207 110 207
207 137 186
207 143 216
207 160 193
207 178 217
207 199 205
207 219 200
207 225 185
207 290 218
207 296 217
207 306 180
207 311 191
207 319 199
207 327 183
207 346 215
207 354 197
207 370 198
208 8 185
208 15 212
208 40 189
208 53 181
208 56 189
208 81 188
208 100 217
208 103 181
208 132 205
208 148 203
208 157 188
208 165 215
208 212 189
208 218 181
208 245 210
208 309 182
208 328 206
208 362 215
209 0 219
209 9 194
209 80 183
209 117 203
209 148 183
209 189 182
209 201 193
209 245 187
209 265 190
209 268 212
209 383 191
209 384 196
210 46 180
210 83 212
210 85 187
210 126 210
210 132 209
210 135 218
210 164 181
210 165 214
210 171 187
210 283 204
210 286 206
210 343 193
210 365 184
210 399 195
211 10 180
211 13 180
211 18 187
211 20 198
211 85 209
211 91 208
211 131 196
211 135 201
211 169 197
211 170 203
211 194 182
211 199 217
211 225 204
211 259 180
211 296 206
211 331 216
211 341 183
211 343 207
211 349 199
211 377 200
211 388 183
212 21 210
212 37 187
212 55 186
212 85 192
212 89 189
212 91 216
212 118 208
212 142 190
212 200 201
212 224 208
212 245 204
212 260 219
212 263 181
212 270 184
212 299 189
212 304 183
212 323 206
212 355 188
212 366 194
213 11 216
213 33 215
213 35 220
213 54 187
213 55 195
213 61 201
213 72 218
213 78 208
213 87 189
213 115 203
213 166 200
213 199 209
213 203 215
213 229 220
213 252 202
213 267 186
213 306 193
213 335 197
213 388 215
214 3 182
214 24 193
214 43 187
214 49 217
214 66 209
214 74 208
214 76 200
214 84 182
214 88 210
214 94 196
214 110 220
214 126 184
214 135 206
214 147 190
214 157 193
214 184 184
214 210 201
214 211 192
214 243 206
214 270 207
214 274 206
214 281 212
214 289 198
214 317 200
214 323 193
214 338 203
214 354 206
214 380 190
214 390 198
215 2 191
215 12 212
215 28 188
215 51 187
215 72 189
215 98 202
215 106 217
215 149 201
215 157 184
215 166 191
215 170 189
215 211 191
215 235 211
215 237 200
215 288 208
215 322 188
215 331 215
215 348 190
215 366 207
215 391 216
216 10 201
216 12 219
216 35 208
216 69 192
216 105 217
216 138 183
216 139 217
216 234 201
216 257 216
216 272 191
216 286 201
216 304 201
216 318 212
216 336 188
216 389 206
216 391 219
217 9 201
217 19 217
217 28 182
217 31 213
217 38 181
217 46 199
217 52 219
217 77 193
217 78 201
217 99 211
217 125 183
217 129 212
217 182 215
217 230 205
217 232 183
217 237 201
217 245 192
217 247 219
217 275 212
217 294 204
217 341 205
217 346 187
217 350 196
217 364 211
217 380 188
217 388 196
218 13 180
218 30 183
218 53 184
218 122 202
218 135 198
218 163 180
218 213 181
218 269 181
218 283 219
218 316 190
218 363 199
218 369 197
218 380 193
219 69 201
219 72 219
219 76 203
219 81 181
219 96 194
219 105 192
219 109 197
219 110 213
219 119 192
219 122 216
219 153 217
219 177 191
219 256 192
219 295 199
219 304 202
219 337 217
219 341 216
219 346 212
219 396 214
220 3 180
220 87 215
220 103 206
220 126 201
220 129 188
220 213 183
220 252 201
220 281 211
220 289 205
220 300 216
220 353 183
220 363 193
220 370 196
220 372 181
221 12 211
221 16 219
221 26 191
221 27 185
221 39 216
221 40 187
221 73 215
221 74 193
221 80 185
221 90 191
221 155 200
221 164 180
221 166 186
221 173 220
221 193 207
221 205 218
221 259 219
221 261 202
221 285 191
221 298 212
221 330 196
221 339 205
221 368 191
221 372 190
221 374 189
221 399 209
222 4 202
222 17 186
222 34 197
222 54 210
222 103 193
222 202 187
222 214 205
222 215 211
222 218 212
222 231 202
222 232 196
222 286 220
222 364 206
222 367 182
223 8 202
223 10 199
223 31 199
223 42 206
223 50 204
223 69 183
223 74 204
223 75 195
223 80 215
223 98 186
223 102 194
223 122 188
223 134 190
223 140 214
223 160 215
223 171 216
223 177 219
223 203 215
223 225 187
223 243 207
223 263 197
223 280 217
223 293 201
223 309 183
223 330 200
223 376 198
223 400 186
224 3 215
224 7 180
224 64 181
224 93 217
224 137 186
224 142 194
224 155 195
224 163 219
224 214 208
224 242 192
224 245 198
224 253 184
224 295 202
224 314 213
224 320 207
224 367 201
224 372 200
225 29 209
225 77 206
225 147 181
225 148 195
225 166 206
225 211 201
225 235 220
225 236 190
225 237 190
225 248 195
225 256 186
225 257 205
225 274 180
225 297 209
225 310 186
225 328 203
225 334 181
225 347 194
225 351 214
225 368 189
225 371 195
225 396 213
226 23 210
226 43 219
226 76 205
226 112 212
226 115 210
226 166 190
226 182 186
226 193 208
226 204 217
226 235 183
226 264 200
226 265 206
226 272 200
226 309 184
226 313 205
226 324 180
226 325 196
226 329 200
227 2 196
227 9 209
227 27 206
227 94 199
227 125 205
227 131 186
227 135 189
227 168 210
227 209 192
227 278 183
227 293 180
227 320 203
227 328 202
227 330 183
227 336 197
227 341 192
227 372 193
228 17 192
228 35 186
228 47 184
228 77 192
228 79 201
228 127 207
228 137 197
228 143 196
228 168 198
228 192 217
228 193 213
228 196 214
228 206 185
228 229 181
228 266 190
228 269 202
228 280 210
228 295 207
228 347 198
229 29 206
229 73 193
229 74 187
229 77 197
229 87 182
229 133 220
229 158 192
229 179 216
229 182 185
229 196 196
229 201 198
229 219 194
229 227 197
229 234 205
229 237 198
229 238 192
229 254 182
229 266 196
229 287 200
229 330 207
229 339 198
229 347 197
229 371 217
229 382 208
230 59 181
230 66 199
230 105 215
230 151 187
230 182 185
230 190 182
230 200 180
230 202 182
230 204 195
230 244 184
230 253 200
230 260 186
230 271 184
230 286 199
230 294 212
230 314 184
230 339 214
230 376 196
230 381 188
230 384 205
231 8 220
231 44 208
231 59 189
231 68 217
231 128 181
231 202 213
231 209 219
231 216 209
231 222 218
231 242 208
231 266 188
231 280 185
231 283 197
231 296 185
231 309 199
231 320 217
232 65 211
232 77 216
232 91 189
232 102 185
232 118 207
232 124 202
232 156 220
232 163 187
232 173 204
232 192 197
232 223 184
232 284 194
232 287 209
232 312 199
232 340 203
232 353 196
232 369 194
233 25 214
233 34 184
233 49 186
233 119 216
233 153 190
233 157 215
233 164 180
233 173 184
233 200 196
233 220 210
233 251 194
233 260 194
233 271 218
233 284 197
233 288 184
233 301 194
233 320 198
233 327 219
233 372 215
234 20 187
234 23 214
234 48 188
234 49 219
234 76 219
234 110 217
234 131 220
234 132 219
234 136 197
234 174 200
234 212 191
234 229 218
234 250 210
234 265 215
234 296 194
234 316 186
234 317 202
234 321 183
234 332 184
234 370 190
234 379 208
234 380 190
235 50 211
235 103 192
235 104 211
235 126 181
235 138 198
235 158 180
235 178 204
235 194 220
235 210 181
235 254 204
235 266 202
235 268 211
235 318 219
236 19 185
236 35 214
236 42 197
236 47 206
236 49 180
236 58 186
236 84 205
236 94 202
236 100 199
236 140 183
236 164 193
236 180 201
236 182 200
236 191 215
236 194 200
236 204 204
236 272 180
236 280 197
236 291 212
236 316 196
236 326 201
236 336 210
236 340 218
236 342 199
236 352 205
237 31 183
237 38 214
237 44 217
237 53 187
237 75 219
237 80 199
237 85 207
237 92 211
237 96 216
237 100 195
237 103 197
237 153 217
237 158 216
237 216 197
237 220 214
237 287 196
237 319 184
237 321 183
237 323 217
237 336 195
237 341 211
237 343 193
237 352 199
237 353 211
237 397 186
238 3 213
238 6 216
238 45 217
238 47 192
238 91 200
238 140 219
238 170 203
238 172 213
238 183 203
238 185 216
238 186 184
238 234 196
238 275 203
238 306 185
238 335 204
238 337 187
238 390 220
238 392 216
239 47 187
239 51 190
239 104 213
239 111 183
239 113 207
239 118 196
239 191 207
239 210 182
239 252 202
239 254 216
239 273 195
239 296 205
239 301 197
239 380 184
240 7 191
240 15 210
240 24 194
240 26 212
240 37 200
240 77 218
240 88 207
240 118 208
240 130 187
240 156 203
240 186 207
240 189 188
240 202 191
240 265 208
240 280 183
240 287 195
240 302 186
240 308 195
240 324 185
240 359 181
240 377 218
240 400 186
241 8 205
241 13 193
241 32 214
241 45 202
241 55 188
241 69 203
241 102 198
241 105 184
241 114 182
241 116 203
241 131 183
241 140 204
241 147 219
241 171 180
241 178 206
241 195 219
241 198 209
241 200 203
241 294 199
241 352 191
241 359 199
241 399 212
242 6 193
242 22 191
242 26 200
242 32 184
242 46 204
242 53 215
242 84 196
242 108 200
242 110 201
242 151 197
242 152 218
242 159 193
242 167 201
242 172 188
242 180 187
242 192 199
242 212 211
242 214 201
242 222 208
242 241 186
242 249 183
242 254 204
242 260 203
242 295 210
242 299 214
242 354 180
242 357 189
242 368 202
242 373 208
242 389 191
243 0 181
243 56 207
243 87 201
243 136 197
243 138 211
243 153 208
243 216 204
243 231 201
243 261 195
243 301 197
243 323 189
243 348 220
243 368 200
243 369 201
243 384 218
243 391 207
244 14 197
244 30 194
244 66 203
244 103 197
244 117 189
244 149 216
244 169 196
244 197 201
244 198 188
244 215 199
244 246 205
244 251 184
244 282 197
244 336 193
244 350 187
244 355 189
244 380 211
245 17 209
245 53 183
245 83 190
245 105 200
245 106 185
245 113 200
245 132 217
245 154 214
245 156 204
245 158 214
245 187 202
245 247 185
245 265 188
245 370 197
245 382 220
246 7 209
246 12 217
246 22 203
246 26 189
246 63 190
246 65 213
246 73 209
246 79 220
246 109 191
246 117 194
246 119 193
246 127 205
246 154 183
246 161 194
246 165 185
246 172 202
246 175 208
246 182 199
246 184 210
246 187 183
246 207 202
246 226 203
246 297 198
246 305 187
246 318 205
246 340 189
246 346 182
246 353 204
246 366 215
246 373 190
247 4 191
247 55 200
247 68 196
247 111 217
247 121 208
247 151 203
247 181 181
247 195 182
247 204 187
247 208 190
247 217 182
247 238 191
247 245 195
247 268 189
247 277 202
247 293 206
247 324 186
247 333 197
247 338 200
247 365 218
247 389 192
247 395 218
247 398 181
248 16 206
248 38 192
248 43 205
248 75 213
248 110 199
248 111 184
248 117 187
248 149 210
248 178 193
248 192 189
248 204 193
248 207 198
248 220 218
248 255 208
248 262 211
248 264 192
248 265 184
248 290 203
248 307 207
248 316 193
248 329 212
248 335 198
248 340 191
248 361 185
248 374 192
248 395 217
249 3 181
249 8 202
249 24 185
249 27 184
249 42 214
249 52 213
249 65 208
249 88 199
249 104 202
249 128 193
249 132 185
249 142 211
249 145 220
249 160 181
249 180 199
249 181 182
249 186 215
249 210 208
249 213 185
249 215 182
249 216 195
249 217 183
249 267 194
249 293 190
249 325 217
249 329 195
249 343 180
249 368 211
249 376 185
249 389 216
250 35 183
250 47 212
250 60 195
250 93 201
250 103 189
250 121 216
250 123 206
250 139 193
250 177 215
250 182 216
250 184 211
250 215 202
250 240 200
250 243 192
250 268 182
250 285 205
250 308 212
250 364 181
250 385 196
250 392 209
250 400 203
251 29 220
251 38 216
251 53 193
251 86 180
251 127 196
251 138 207
251 163 185
251 183 210
251 285 188
251 294 218
251 299 183
251 307 187
251 312 220
251 324 214
251 330 214
251 334 211
251 369 207
252 12 196
252 41 187
252 62 201
252 70 186
252 84 219
252 86 219
252 113 192
252 144 190
252 168 217
252 206 191
252 210 180
252 231 210
252 258 207
252 288 208
252 290 195
252 292 181
252 306 203
252 310 207
252 321 213
252 343 180
252 390 211
252 398 180
253 15 212
253 25 199
253 33 206
253 35 208
253 39 185
253 77 185
253 108 195
253 115 186
253 126 206
253 129 182
253 146 194
253 152 219
253 154 207
253 161 194
253 195 183
253 213 182
253 243 215
253 252 188
253 263 199
253 275 189
253 283 202
253 328 191
253 341 210
253 383 186
254 27 189
254 34 216
254 53 220
254 60 203
254 64 210
254 75 181
254 111 211
254 138 213
254 147 199
254 171 185
254 195 203
254 208 200
254 213 216
254 294 213
254 307 213
254 309 219
254 311 215
254 344 210
254 366 210
254 375 200
255 93 220
255 99 183
255 105 220
255 111 199
255 130 189
255 139 196
255 151 185
255 178 181
255 186 220
255 208 210
255 235 191
255 262 202
255 263 214
255 295 193
255 302 212
255 316 216
255 397 192
256 41 207
256 59 205
256 66 180
256 161 197
256 174 199
256 177 182
256 190 189
256 207 208
256 214 185
256 220 200
256 221 193
256 226 211
256 231 191
256 244 217
256 275 185
256 345 210
256 354 203
256 376 210
256 380 183
256 381 207
256 399 198
257 9 214
257 23 205
257 38 197
257 42 203
257 50 213
257 58 208
257 62 205
257 65 195
257 81 184
257 94 186
257 125 186
257 158 187
257 166 210
257 179 211
257 185 202
257 194 180
257 201 183
257 208 193
257 228 197
257 240 193
257 249 212
257 286 192
257 297 215
257 358 213
258 23 196
258 38 191
258 94 184
258 102 203
258 103 204
258 193 213
258 208 201
258 211 208
258 240 204
258 248 190
258 273 215
258 359 218
258 370 211
258 394 187
258 400 180
259 2 184
259 15 213
259 22 188
259 89 198
259 90 184
259 102 204
259 110 194
259 155 201
259 162 200
259 188 188
259 192 188
259 194 181
259 198 194
259 219 190
259 253 214
259 286 198
259 288 183
259 290 183
259 293 209
259 318 208
259 342 204
259 350 217
259 352 207
259 357 188
259 372 205
259 381 183
259 382 205
259 391 196
260 25 182
260 36 193
260 37 198
260 74 190
260 77 220
260 134 195
260 154 203
260 168 207
260 171 184
260 176 188
260 192 212
260 198 198
260 219 208
260 227 196
260 251 210
260 263 195
260 294 185
260 307 189
260 316 195
260 333 219
260 370 194
260 389 193
260 398 182
260 400 218
261 11 186
261 31 180
261 36 197
261 42 216
261 71 219
261 80 192
261 86 187
261 91 182
261 122 203
261 172 205
261 227 207
261 258 217
261 262 184
261 290 215
261 291 204
261 322 188
261 341 191
261 342 195
261 381 192
261 391 211
262 7 195
262 30 181
262 52 187
262 66 186
262 69 216
262 106 206
262 113 214
262 118 200
262 154 204
262 190 211
262 195 201
262 215 207
262 219 206
262 220 202
262 225 192
262 235 194
262 243 194
262 257 194
262 309 201
262 351 208
262 369 200
262 371 187
262 397 209
263 17 191
263 23 193
263 25 218
263 36 186
263 127 201
263 146 195
263 147 200
263 173 206
263 190 194
263 191 208
263 198 193
263 277 204
263 278 198
263 306 181
263 318 208
263 365 198
264 28 207
264 44 180
264 67 200
264 124 199
264 140 201
264 148 191
264 185 205
264 190 197
264 192 218
264 193 201
264 263 192
264 294 188
264 312 183
264 331 188
264 351 196
264 370 219
264 384 184
264 390 201
265 26 182
265 37 213
265 71 185
265 108 192
265 137 210
265 161 206
265 179 194
265 214 188
265 219 209
265 242 195
265 255 218
265 269 191
265 282 200
265 334 190
265 368 211
265 370 198
265 382 219
266 1 214
266 23 196
266 64 212
266 72 208
266 85 190
266 97 193
266 110 201
266 120 200
266 123 193
266 152 185
266 175 196
266 184 207
266 191 196
266 199 203
266 217 180
266 223 217
266 226 208
266 229 185
266 237 207
266 255 200
266 284 202
266 301 188
266 302 218
266 323 210
266 326 219
266 350 200
266 359 188
266 365 195
266 387 203
267 6 204
267 11 183
267 14 190
267 61 189
267 76 220
267 88 180
267 99 188
267 103 199
267 144 207
267 147 196
267 157 200
267 163 191
267 176 209
267 180 198
267 238 197
267 252 200
267 258 214
267 266 192
267 287 189
267 303 203
267 315 219
267 325 189
267 339 210
267 340 198
267 351 207
268 36 209
268 44 194
268 51 202
268 53 204
268 55 187
268 64 206
268 70 192
268 72 215
268 90 189
268 91 202
268 173 184
268 179 187
268 201 191
268 281 204
268 291 188
268 294 215
268 305 181
268 325 197
268 348 216
268 388 216
269 30 204
269 45 189
269 74 205
269 80 197
269 100 186
269 140 219
269 174 210
269 176 216
269 180 189
269 194 181
269 198 207
269 201 210
269 206 218
269 234 220
269 300 219
269 302 208
269 333 190
269 374 219
270 137 184
270 143 208
270 147 185
270 157 208
270 159 184
270 181 184
270 187 202
270 191 202
270 196 212
270 207 206
270 214 202
270 225 185
270 228 203
270 230 195
270 244 204
270 248 210
270 272 199
270 290 205
270 292 204
270 318 209
270 319 203
270 340 194
270 375 215
270 385 217
271 27 203
271 84 216
271 90 204
271 107 189
271 126 210
271 140 193
271 151 211
271 161 215
271 173 205
271 176 184
271 180 200
271 183 218
271 210 202
271 215 198
271 216 184
271 217 201
271 300 213
271 321 203
271 335 197
271 355 182
271 366 220
271 368 202
271 374 180
271 392 204
272 2 207
272 39 217
272 45 183
272 100 201
272 106 214
272 110 214
272 186 206
272 195 199
272 209 214
272 212 184
272 221 204
272 223 182
272 225 209
272 271 196
272 286 185
272 302 182
272 322 207
272 328 205
272 342 195
272 347 211
272 363 187
273 4 219
273 29 181
273 38 192
273 43 211
273 81 180
273 83 192
273 178 203
273 192 205
273 194 199
273 228 182
273 256 218
273 258 186
273 260 195
273 261 197
273 281 209
273 288 196
273 314 216
273 320 182
273 323 199
273 326 182
273 330 206
273 333 204
273 346 220
273 348 219
273 363 186
273 365 188
273 382 188
274 8 202
274 64 205
274 87 186
274 127 181
274 165 206
274 176 198
274 193 187
274 293 210
274 326 200
274 351 192
274 400 203
275 32 182
275 49 219
275 76 181
275 78 215
275 81 201
275 118 183
275 123 214
275 131 180
275 170 201
275 174 195
275 180 218
275 211 185
275 228 216
275 241 196
275 246 194
275 252 181
275 257 220
275 269 205
275 347 185
275 365 206
275 394 217
276 4 207
276 6 216
276 15 183
276 27 185
276 76 193
276 89 192
276 93 199
276 103 207
276 120 216
276 124 191
276 140 215
276 145 188
276 148 212
276 167 205
276 205 208
276 248 214
276 267 194
276 272 193
276 273 180
276 324 215
276 325 182
276 332 189
276 336 193
276 363 211
276 393 210
276 394 215
277 5 183
277 22 198
277 45 207
277 67 217
277 75 219
277 84 190
277 98 199
277 114 206
277 130 218
277 141 218
277 174 205
277 187 183
277 205 215
277 221 199
277 253 209
277 270 212
277 284 182
277 290 184
277 292 188
277 293 196
277 317 199
277 322 183
277 327 202
277 339 191
277 351 206
277 387 203
278 19 182
278 26 212
278 45 214
278 53 209
278 56 210
278 70 199
278 72 202
278 105 209
278 114 182
278 119 188
278 133 201
278 150 218
278 160 204
278 163 216
278 171 209
278 187 180
278 220 220
278 224 194
278 240 200
278 284 209
278 287 204
278 293 197
278 294 219
278 331 207
278 382 219
278 383 186
278 400 206
279 11 205
279 34 195
279 39 186
279 51 202
279 56 215
279 67 212
279 79 191
279 105 220
279 108 203
279 117 212
279 120 195
279 125 210
279 166 202
279 168 197
279 183 210
279 228 204
279 267 206
279 296 203
279 317 193
279 328 195
279 346 191
279 351 212
279 366 184
279 398 189
280 12 202
280 55 199
280 70 199
280 112 194
280 127 216
280 128 180
280 149 213
280 174 198
280 200 200
280 226 188
280 231 191
280 242 212
280 262 194
280 284 206
280 291 197
280 296 184
280 297 197
280 304 213
280 307 197
280 338 182
280 343 183
280 359 205
280 362 218
280 373 182
280 379 189
281 46 190
281 54 183
281 68 191
281 71 205
281 73 186
281 102 217
281 131 186
281 178 204
281 188 188
281 206 181
281 220 180
281 231 209
281 237 215
281 263 186
281 265 185
281 269 182
281 304 215
281 306 210
281 307 183
281 310 194
281 320 208
281 327 182
281 360 210
281 364 188
281 375 215
281 377 203
281 396 214
282 6 214
282 68 184
282 73 211
282 106 199
282 132 201
282 150 180
282 153 196
282 160 186
282 190 191
282 202 180
282 205 214
282 232 195
282 243 212
282 263 199
282 274 199
282 315 215
282 320 204
282 386 202
283 15 202
283 37 195
283 66 210
283 67 198
283 81 194
283 88 194
283 123 186
283 131 185
283 149 183
283 162 200
283 178 183
283 195 209
283 198 197
283 215 202
283 227 219
283 235 193
283 327 195
283 348 193
283 377 193
283 390 213
283 400 211
284 31 197
284 40 191
284 99 211
284 115 184
284 124 199
284 139 190
284 147 187
284 175 208
284 184 216
284 198 187
284 222 212
284 237 200
284 266 184
284 281 202
284 312 217
284 317 212
284 325 210
284 327 180
284 341 211
284 346 184
284 361 190
284 364 194
284 391 210
284 392 216
285 4 213
285 45 196
285 62 199
285 64 189
285 102 192
285 122 191
285 180 203
285 192 205
285 201 197
285 223 184
285 255 218
285 259 199
285 261 206
285 265 201
285 293 196
285 309 184
285 341 211
285 347 212
285 393 207
286 37 180
286 59 204
286 85 183
286 95 180
286 106 185
286 125 203
286 129 216
286 153 196
286 180 220
286 190 191
286 204 207
286 214 192
286 248 190
286 249 180
286 265 206
286 275 209
286 289 220
286 301 213
286 306 214
286 338 210
286 347 193
286 352 218
286 378 208
286 386 181
286 390 180
287 3 190
287 17 193
287 23 187
287 39 219
287 55 193
287 58 217
287 72 210
287 96 198
287 98 197
287 99 190
287 116 181
287 137 220
287 143 180
287 168 202
287 174 204
287 247 183
287 380 199
288 20 197
288 54 180
288 66 196
288 70 209
288 75 181
288 86 201
288 103 203
288 105 188
288 107 190
288 118 209
288 121 184
288 158 187
288 171 218
288 173 206
288 176 185
288 198 197
288 211 209
288 226 204
288 253 216
288 266 197
288 280 200
288 313 188
288 314 209
288 318 180
288 327 217
288 338 213
288 348 200
288 352 214
288 363 190
288 379 199
288 389 197
288 390 189
289 13 187
289 47 201
289 50 180
289 53 205
289 85 206
289 111 198
289 176 189
289 241 206
289 246 192
289 254 188
289 269 208
289 307 196
289 309 193
289 318 185
289 319 183
289 351 208
289 377 192
290 55 188
290 73 205
290 88 215
290 96 209
290 114 202
290 121 182
290 122 207
290 148 205
290 154 215
290 167 184
290 171 215
290 193 207
290 197 217
290 220 208
290 222 217
290 243 196
290 247 197
290 254 209
290 255 215
290 317 190
290 327 194
290 340 183
290 354 187
290 375 187
290 394 220
290 396 218
291 62 199
291 63 204
291 73 186
291 79 196
291 99 200
291 100 198
291 103 182
291 118 194
291 131 189
291 153 199
291 183 189
291 187 187
291 191 185
291 223 181
291 232 218
291 247 190
291 252 181
291 268 207
291 283 190
291 285 210
291 311 187
291 317 191
292 2 203
292 70 217
292 73 217
292 79 199
292 87 217
292 130 186
292 144 216
292 166 196
292 170 188
292 245 199
292 252 184
292 270 200
292 282 202
292 284 220
292 287 214
292 293 206
292 312 187
292 313 193
292 318 190
292 337 202
292 343 209
292 364 188
292 374 184
293 11 213
293 74 203
293 88 198
293 106 188
293 126 212
293 140 197
293 176 190
293 177 214
293 189 197
293 198 189
293 199 185
293 210 216
293 269 209
293 296 204
293 298 211
293 303 185
293 305 210
293 343 203
293 352 184
293 372 186
293 377 215
293 383 216
294 36 215
294 73 209
294 146 214
294 147 193
294 154 218
294 166 220
294 182 203
294 200 200
294 222 184
294 244 199
294 249 186
294 300 216
294 309 218
294 319 204
294 332 201
294 346 182
294 357 190
294 363 200
294 391 208
295 18 209
295 31 180
295 39 218
295 45 205
295 51 216
295 60 185
295 78 202
295 95 181
295 98 207
295 119 186
295 136 181
295 146 205
295 170 182
295 189 198
295 254 182
295 264 186
295 279 189
295 310 214
295 328 209
295 385 217
296 30 203
296 59 209
296 68 180
296 78 204
296 83 192
296 130 201
296 135 184
296 154 187
296 179 214
296 190 190
296 257 215
296 261 194
296 264 193
296 283 199
296 286 183
296 297 180
296 308 209
296 325 196
296 355 209
296 363 213
296 368 183
296 398 208
297 3 191
297 9 220
297 11 218
297 29 198
297 39 196
297 51 209
297 71 192
297 72 201
297 76 192
297 83 213
297 88 212
297 172 215
297 190 216
297 192 202
297 207 196
297 242 206
297 243 212
297 275 191
297 279 219
297 291 198
297 292 191
297 320 186
297 330 209
297 338 201
297 341 208
297 344 199
298 9 212
298 14 206
298 27 187
298 61 216
298 111 218
298 112 209
298 157 180
298 193 220
298 211 213
298 230 188
298 275 211
298 287 196
298 363 217
298 377 190
298 398 204
299 24 189
299 38 189
299 66 217
299 82 214
299 128 206
299 136 197
299 144 201
299 169 196
299 175 199
299 176 195
299 195 202
299 255 205
299 344 214
299 355 193
299 370 215
299 385 194
300 4 210
300 7 201
300 15 203
300 42 214
300 52 207
300 57 188
300 101 213
300 113 199
300 127 181
300 130 214
300 137 208
300 144 199
300 160 202
300 165 190
300 181 194
300 195 200
300 196 199
300 220 199
300 225 199
300 251 181
300 260 219
300 277 206
300 284 208
300 288 196
300 290 206
300 295 192
300 330 203
300 336 200
300 358 211
300 370 182
301 19 181
301 35 182
301 38 213
301 92 190
301 121 212
301 169 181
301 178 199
301 182 192
301 212 199
301 263 213
301 282 192
301 302 191
301 303 184
301 346 211
301 362 220
301 366 205
301 383 191
301 387 200
301 399 215
302 31 196
302 41 193
302 58 195
302 121 201
302 132 217
302 165 201
302 188 189
302 202 193
302 210 184
302 215 185
302 220 217
302 244 211
302 249 194
302 297 211
302 306 215
302 364 191
303 5 189
303 71 198
303 73 213
303 79 209
303 102 211
303 107 190
303 128 215
303 141 217
303 193 183
303 234 204
303 239 210
303 242 194
303 263 200
303 290 200
303 315 207
303 326 213
303 358 185
303 363 195
303 393 215
303 397 216
304 1 182
304 20 215
304 53 200
304 65 193
304 133 186
304 163 207
304 178 192
304 189 212
304 218 214
304 255 217
304 309 197
304 351 197
304 356 186
304 367 200
304 379 209
305 0 210
305 6 184
305 66 186
305 192 184
305 196 180
305 267 211
305 283 200
305 284 212
305 310 194
305 315 212
305 316 214
305 333 184
305 337 206
305 338 185
305 350 195
305 353 211
305 400 196
306 48 205
306 51 197
306 56 213
306 57 209
306 59 202
306 67 207
306 71 210
306 90 188
306 136 184
306 146 213
306 162 199
306 163 198
306 176 194
306 178 212
306 226 211
306 236 182
306 256 201
306 265 206
306 273 182
306 307 199
306 309 186
306 315 195
306 362 205
306 372 219
306 383 181
306 392 216
306 399 209
307 3 208
307 37 191
307 55 208
307 179 181
307 189 187
307 206 197
307 256 181
307 274 184
307 284 190
307 380 190
307 383 204
307 390 182
308 5 219
308 10 187
308 12 208
308 14 198
308 28 188
308 42 187
308 44 201
308 49 193
308 81 192
308 82 192
308 85 188
308 89 195
308 128 193
308 146 195
308 164 195
308 174 214
308 216 202
308 225 213
308 238 209
308 248 211
308 266 214
308 282 206
308 295 220
308 327 200
308 356 198
308 359 186
308 377 197
309 0 193
309 48 210
309 102 211
309 105 210
309 118 217
309 132 203
309 152 193
309 160 196
309 166 218
309 233 194
309 250 215
309 314 185
309 319 195
309 323 204
309 333 184
309 343 206
309 371 213
309 372 191
309 389 211
309 397 190
309 398 200
310 31 194
310 57 181
310 94 218
310 97 209
310 103 206
310 143 206
310 146 213
310 151 187
310 176 202
310 177 209
310 200 193
310 201 192
310 226 208
310 263 195
310 268 191
310 273 220
310 303 204
310 321 219
310 338 184
311 17 200
311 29 201
311 34 208
311 75 184
311 146 209
311 161 180
311 171 190
311 198 210
311 200 187
311 202 200
311 208 186
311 226 208
311 245 194
311 249 202
311 286 183
311 295 208
311 298 217
311 312 198
311 364 209
311 365 208
311 395 214
312 20 190
312 38 187
312 58 207
312 61 197
312 87 211
312 89 211
312 103 212
312 105 190
312 130 209
312 148 215
312 187 204
312 209 189
312 211 189
312 212 205
312 262 212
312 316 206
312 347 198
312 348 208
312 362 204
312 399 188
313 5 200
313 13 181
313 28 209
313 45 193
313 70 183
313 136 181
313 137 182
313 148 198
313 152 203
313 153 190
313 189 215
313 225 207
313 227 182
313 238 186
313 264 216
313 271 196
313 274 192
313 293 198
313 319 195
313 323 193
313 332 204
313 339 199
313 355 184
313 357 219
313 359 190
313 367 220
313 380 190
313 394 201
314 7 186
314 24 193
314 65 187
314 87 194
314 110 187
314 117 191
314 118 200
314 205 212
314 207 182
314 217 202
314 245 183
314 268 188
314 299 209
314 326 206
314 327 194
314 345 201
314 353 193
314 382 214
314 388 186
315 19 188
315 30 215
315 74 203
315 88 206
315 93 213
315 112 196
315 132 181
315 163 198
315 164 210
315 192 180
315 210 209
315 260 209
315 262 192
315 289 186
315 294 190
315 311 220
315 377 196
315 383 217
316 35 210
316 60 187
316 78 213
316 125 220
316 147 208
316 182 188
316 184 190
316 186 182
316 190 203
316 198 207
316 202 185
316 253 216
316 258 209
316 278 191
316 280 210
316 317 220
316 344 217
316 362 212
316 375 216
317 10 208
317 11 210
317 16 215
317 21 218
317 26 188
317 32 207
317 39 213
317 55 202
317 74 204
317 83 183
317 85 220
317 93 210
317 106 217
317 131 185
317 195 215
317 196 187
317 199 198
317 201 196
317 209 219
317 220 193
317 222 207
317 269 219
317 271 189
317 302 180
317 309 200
317 310 188
317 316 216
317 336 213
317 344 213
317 345 206
317 361 184
317 371 216
317 378 220
317 386 216
318 16 204
318 30 217
318 55 198
318 79 207
318 87 190
318 91 196
318 110 188
318 113 197
318 115 199
318 129 191
318 143 209
318 160 183
318 188 217
318 202 215
318 257 215
318 286 196
318 294 213
318 302 197
318 329 201
318 340 185
318 344 205
318 366 197
318 372 182
319 11 192
319 14 183
319 22 197
319 42 181
319 47 181
319 86 215
319 97 200
319 150 182
319 155 185
319 175 216
319 184 200
319 254 210
319 307 207
319 316 193
319 334 203
320 40 181
320 47 212
320 57 189
320 86 191
320 96 208
320 129 209
320 142 192
320 144 202
320 150 212
320 188 215
320 219 189
320 229 208
320 231 196
320 246 219
320 257 181
320 286 182
320 289 199
320 291 186
320 292 196
320 331 209
320 385 220
320 394 200
321 13 212
321 14 193
321 64 217
321 78 192
321 85 184
321 211 212
321 249 183
321 258 201
321 331 205
321 372 212
321 375 217
321 390 210
321 399 220
322 16 203
322 19 210
322 23 207
322 43 202
322 93 210
322 103 190
322 104 204
322 114 216
322 169 191
322 175 220
322 182 206
322 188 181
322 200 209
322 207 181
322 248 216
322 251 220
322 295 214
322 303 180
322 313 202
322 356 189
322 363 211
322 366 182
322 367 193
322 374 209
322 375 213
322 380 210
322 396 219
323 11 198
323 16 210
323 42 218
323 55 212
323 57 182
323 63 205
323 98 199
323 102 210
323 115 208
323 153 186
323 156 219
323 164 188
323 184 214
323 186 190
323 194 205
323 205 182
323 225 190
323 293 202
323 305 220
323 332 195
323 348 212
323 364 214
323 392 183
324 6 214
324 52 208
324 59 188
324 160 194
324 182 213
324 220 216
324 276 216
324 285 192
324 296 220
324 310 214
324 318 187
324 321 191
324 371 197
325 7 207
325 37 207
325 77 219
325 140 202
325 160 210
325 166 209
325 175 198
325 177 205
325 196 220
325 242 203
325 262 206
325 265 201
325 276 202
325 351 215
325 356 200
325 367 218
325 379 184
326 23 180
326 57 211
326 66 209
326 67 192
326 72 194
326 92 220
326 149 182
326 188 190
326 193 193
326 201 189
326 314 214
326 317 201
326 364 197
326 374 217
326 377 196
327 13 198
327 148 210
327 151 191
327 155 181
327 171 187
327 179 207
327 209 216
327 259 203
327 264 214
327 266 187
327 271 182
327 272 206
327 279 198
327 296 188
327 354 199
327 377 195
328 9 199
328 45 193
328 62 210
328 70 215
328 76 201
328 92 183
328 157 182
328 160 213
328 167 202
328 175 187
328 182 193
328 227 209
328 248 212
328 257 206
328 268 205
328 270 214
328 276 197
328 289 220
328 301 204
328 369 210
328 395 189
329 4 211
329 22 212
329 24 212
329 35 216
329 46 198
329 96 203
329 101 219
329 115 186
329 138 197
329 156 202
329 168 188
329 173 184
329 185 184
329 189 189
329 202 207
329 223 192
329 307 213
329 319 197
329 347 189
329 351 182
329 395 181
329 396 216
330 2 205
330 4 181
330 17 200
330 30 194
330 59 189
330 60 194
330 75 202
330 95 215
330 117 181
330 118 214
330 125 182
330 126 188
330 131 205
330 142 187
330 178 196
330 182 219
330 202 183
330 206 208
330 208 199
330 249 214
330 258 208
330 294 216
330 299 188
330 334 198
330 394 191
331 1 209
331 5 217
331 25 220
331 90 188
331 96 188
331 157 217
331 185 207
331 227 183
331 229 200
331 250 211
331 260 192
331 262 191
331 263 184
331 270 198
331 302 184
331 355 219
331 380 210
331 385 205
332 22 215
332 51 216
332 68 180
332 75 185
332 133 199
332 140 205
332 141 203
332 159 196
332 225 209
332 268 216
332 273 215
332 289 185
332 299 203
332 300 196
332 329 201
332 331 219
332 371 183
333 24 195
333 26 209
333 34 193
333 99 209
333 119 198
333 129 188
333 231 181
333 237 202
333 250 190
333 257 200
333 269 209
333 270 189
333 279 220
333 281 192
333 312 204
333 331 203
333 332 193
333 357 212
333 366 212
334 32 207
334 66 186
334 96 193
334 102 196
334 109 216
334 138 185
334 139 209
334 142 203
334 205 184
334 214 192
334 221 180
334 236 191
334 397 218
334 398 182
335 17 180
335 19 192
335 27 187
335 70 203
335 94 202
335 100 205
335 133 215
335 141 203
335 178 181
335 185 213
335 186 208
335 198 203
335 207 207
335 219 219
335 275 205
335 285 219
335 313 206
335 327 187
335 354 194
335 365 217
336 25 189
336 45 192
336 63 180
336 85 182
336 109 208
336 114 188
336 141 183
336 206 194
336 217 195
336 233 203
336 275 189
336 279 192
336 304 204
336 317 197
336 334 211
336 338 215
336 340 188
336 348 200
336 361 210
336 368 214
336 380 215
337 26 200
337 56 186
337 66 192
337 101 181
337 150 188
337 182 220
337 190 194
337 215 209
337 229 211
337 257 204
337 298 203
337 316 180
337 335 185
337 336 190
337 340 197
337 344 217
337 350 218
337 357 184
337 360 192
337 362 219
337 368 213
337 370 180
337 382 208
337 392 185
337 400 214
338 16 209
338 52 185
338 59 181
338 88 185
338 90 209
338 93 182
338 106 188
338 115 211
338 122 200
338 163 199
338 176 220
338 183 200
338 184 200
338 202 195
338 207 207
338 211 211
338 221 214
338 265 180
338 266 211
338 317 211
338 332 201
338 354 201
338 372 199
338 392 186
339 1 186
339 21 188
339 33 204
339 143 189
339 145 210
339 160 206
339 180 199
339 184 191
339 188 183
339 203 195
339 216 206
339 221 209
339 232 182
339 241 184
339 255 208
339 263 184
339 265 220
339 282 200
339 290 213
339 293 201
339 308 219
339 361 182
339 367 182
339 395 207
339 400 184
340 4 183
340 19 220
340 35 195
340 43 192
340 83 193
340 87 198
340 108 188
340 121 212
340 151 196
340 179 213
340 203 196
340 205 207
340 229 214
340 315 190
340 322 201
340 325 218
340 327 217
340 328 219
340 329 202
340 350 188
340 370 199
340 397 217
341 18 187
341 24 219
341 25 196
341 26 195
341 50 213
341 69 194
341 72 198
341 82 207
341 93 184
341 116 187
341 120 196
341 124 214
341 128 191
341 155 196
341 207 193
341 215 196
341 230 190
341 236 214
341 241 213
341 270 213
341 275 187
341 277 206
341 314 195
341 319 198
341 325 199
341 371 183
341 393 206
342 8 218
342 9 212
342 42 188
342 47 207
342 51 190
342 52 181
342 87 201
342 172 217
342 176 192
342 193 201
342 196 215
342 211 195
342 217 205
342 279 211
342 280 217
342 309 199
342 329 213
342 336 217
342 361 186
342 380 197
342 395 209
343 9 189
343 37 198
343 46 195
343 83 199
343 95 191
343 98 204
343 102 213
343 127 198
343 155 185
343 169 202
343 173 208
343 187 180
343 208 210
343 223 219
343 262 197
343 270 217
343 271 188
343 279 201
343 288 212
343 328 219
343 396 190
344 2 207
344 58 200
344 77 208
344 137 202
344 166 198
344 248 197
344 252 183
344 271 216
344 291 208
344 301 198
344 317 202
344 343 181
344 378 188
344 379 192
344 398 207
345 32 202
345 59 219
345 72 192
345 78 192
345 116 209
345 145 206
345 226 202
345 244 214
345 292 206
345 306 188
345 314 218
345 340 213
345 352 210
345 378 203
345 381 211
345 383 208
345 387 205
345 394 185
346 22 182
346 60 212
346 119 191
346 134 199
346 168 193
346 191 214
346 194 211
346 212 206
346 232 215
346 234 207
346 247 190
346 271 200
346 337 189
346 341 213
346 362 185
346 364 192
346 371 211
346 380 213
346 385 199
347 9 197
347 21 211
347 86 195
347 104 197
347 110 204
347 113 220
347 114 191
347 115 198
347 136 187
347 139 216
347 145 190
347 149 210
347 158 212
347 184 202
347 197 202
347 209 211
347 220 192
347 228 220
347 232 182
347 254 200
347 258 213
347 263 215
347 274 215
347 276 199
347 323 183
347 336 196
347 352 209
347 376 219
347 385 194
347 394 193
348 10 184
348 12 195
348 40 206
348 51 189
348 62 180
348 71 197
348 129 199
348 154 211
348 206 203
348 234 211
348 281 190
348 304 209
348 334 187
348 336 220
348 342 198
348 356 208
348 364 203
348 366 185
348 383 192
348 392 190
349 27 189
349 30 209
349 76 216
349 89 197
349 95 194
349 110 207
349 116 182
349 139 218
349 148 219
349 158 180
349 165 209
349 168 210
349 181 199
349 206 203
349 217 204
349 279 204
349 280 208
349 281 184
349 301 185
349 302 202
349 317 180
349 318 212
349 326 201
349 356 220
349 362 201
349 392 190
350 14 209
350 32 205
350 43 217
350 67 189
350 90 181
350 101 201
350 128 203
350 140 206
350 144 215
350 145 197
350 171 218
350 177 195
350 195 203
350 236 205
350 246 194
350 264 202
350 270 184
350 307 195
350 332 202
350 343 209
350 366 189
350 395 187
351 0 199
351 42 192
351 45 182
351 46 219
351 57 184
351 66 201
351 85 185
351 110 184
351 112 191
351 121 198
351 130 204
351 166 192
351 192 191
351 206 208
351 208 204
351 215 187
351 242 193
351 260 201
351 290 213
351 340 191
351 346 195
351 353 196
351 384 218
352 14 191
352 33 209
352 43 183
352 51 214
352 130 196
352 138 190
352 141 204
352 155 218
352 168 218
352 221 186
352 257 198
352 268 184
352 280 213
352 328 207
352 342 218
352 376 189
352 398 198
353 2 215
353 4 214
353 13 209
353 28 202
353 30 210
353 31 218
353 70 187
353 97 183
353 101 189
353 121 203
353 122 196
353 169 214
353 171 191
353 198 205
353 213 205
353 250 218
353 265 201
353 293 201
353 310 186
353 312 214
353 364 180
353 373 203
354 1 215
354 25 198
354 34 220
354 42 217
354 44 202
354 56 189
354 97 194
354 103 216
354 110 184
354 135 181
354 186 204
354 198 213
354 239 196
354 243 182
354 262 200
354 285 181
354 290 189
354 298 203
354 302 192
354 307 194
354 334 213
354 336 206
354 342 185
354 379 210
354 387 213
354 390 202
355 32 217
355 43 213
355 53 181
355 72 191
355 77 185
355 81 207
355 110 212
355 145 199
355 156 183
355 165 207
355 166 188
355 233 198
355 237 214
355 244 183
355 250 208
355 262 191
355 351 213
355 354 209
355 358 216
355 376 196
355 388 213
356 43 190
356 52 182
356 53 185
356 61 199
356 70 199
356 88 216
356 95 200
356 102 220
356 105 213
356 126 202
356 153 191
356 180 220
356 182 182
356 191 189
356 199 211
356 246 182
356 254 203
356 291 208
356 301 183
356 317 216
356 328 191
356 337 191
356 363 195
356 374 190
357 4 216
357 17 204
357 18 201
357 22 183
357 23 182
357 54 203
357 61 192
357 132 212
357 135 208
357 149 187
357 155 184
357 167 197
357 171 181
357 201 194
357 218 184
357 247 201
357 286 186
357 316 213
357 320 211
357 363 183
357 370 218
358 0 218
358 26 220
358 29 192
358 54 197
358 61 199
358 66 211
358 72 189
358 100 189
358 125 181
358 138 213
358 152 192
358 246 180
358 264 207
358 301 194
358 304 219
358 318 189
358 324 214
358 351 180
358 354 181
358 385 212
359 13 184
359 17 190
359 23 180
359 71 181
359 75 210
359 91 182
359 95 199
359 97 200
359 125 189
359 143 205
359 166 189
359 176 211
359 201 187
359 210 203
359 214 192
359 228 183
359 229 213
359 235 189
359 238 189
359 283 219
359 284 180
359 299 202
359 303 183
359 307 216
359 318 211
359 346 191
359 358 215
359 363 203
359 372 201
359 377 213
359 381 199
360 37 183
360 42 182
360 81 180
360 127 184
360 129 217
360 175 183
360 186 193
360 218 205
360 221 206
360 268 192
360 325 199
360 345 182
360 349 200
360 361 195
360 363 195
360 399 209
361 1 214
361 16 185
361 27 183
361 73 217
361 76 205
361 90 195
361 110 184
361 125 200
361 127 201
361 164 192
361 210 211
361 220 181
361 227 191
361 293 190
361 305 183
361 307 182
361 311 214
361 334 206
361 392 204
362 19 190
362 40 205
362 68 199
362 70 192
362 77 208
362 90 212
362 93 216
362 122 196
362 128 199
362 131 210
362 144 200
362 161 197
362 185 216
362 225 191
362 240 205
362 277 194
362 339 189
362 358 200
362 378 184
363 3 198
363 25 186
363 40 203
363 47 216
363 85 182
363 143 201
363 156 203
363 171 212
363 173 186
363 183 204
363 187 202
363 217 203
363 223 220
363 227 205
363 238 209
363 288 188
363 301 192
363 305 181
363 309 196
363 310 200
363 315 215
363 325 181
363 345 205
363 357 188
363 375 182
363 400 210
364 28 217
364 52 189
364 80 203
364 137 205
364 150 200
364 157 219
364 158 189
364 174 200
364 216 220
364 232 210
364 254 197
364 292 213
364 296 199
364 307 210
364 345 201
364 356 216
365 41 207
365 63 180
365 94 181
365 144 218
365 149 214
365 175 214
365 177 183
365 185 195
365 244 202
365 277 206
365 285 190
365 305 184
365 310 184
365 319 219
365 360 195
366 1 205
366 4 218
366 20 217
366 64 205
366 76 187
366 77 215
366 117 196
366 120 193
366 134 207
366 139 208
366 156 220
366 183 181
366 191 180
366 230 206
366 245 196
366 259 214
366 298 190
366 311 204
366 350 216
366 352 201
366 355 208
366 375 190
366 376 211
366 385 203
366 396 200
366 399 212
367 17 212
367 56 217
367 72 215
367 76 190
367 79 187
367 104 193
367 105 210
367 151 184
367 174 182
367 177 197
367 198 187
367 218 198
367 252 186
367 263 217
367 269 219
367 303 185
367 347 185
367 356 182
367 361 205
367 383 208
368 50 210
368 52 184
368 58 216
368 78 186
368 102 192
368 103 195
368 104 213
368 135 190
368 151 202
368 153 207
368 174 204
368 227 187
368 236 208
368 244 218
368 245 201
368 267 209
368 284 198
368 309 209
368 336 198
368 361 186
368 373 187
368 374 194
368 379 195
368 386 189
368 389 187
369 3 208
369 97 180
369 103 209
369 108 180
369 116 197
369 129 181
369 137 197
369 149 199
369 160 188
369 190 212
369 217 220
369 218 208
369 233 192
369 246 190
369 251 197
369 276 182
369 286 210
369 296 185
369 310 211
369 313 214
369 317 188
369 381 186
369 383 189
369 388 208
369 394 182
369 396 212
369 399 193
370 21 200
370 25 201
370 48 211
370 57 206
370 73 202
370 103 197
370 106 185
370 107 199
370 112 196
370 125 193
370 128 202
370 131 180
370 140 182
370 141 197
370 146 201
370 181 201
370 185 195
370 192 199
370 196 203
370 236 190
370 279 184
370 293 193
370 301 220
370 308 186
370 312 202
370 352 195
370 358 213
370 366 205
370 369 180
371 20 209
371 24 200
371 25 190
371 31 189
371 62 218
371 80 194
371 92 200
371 96 214
371 121 205
371 147 200
371 157 192
371 166 217
371 168 205
371 170 215
371 175 206
371 184 204
371 186 199
371 188 198
371 198 191
371 233 198
371 238 210
371 358 181
371 362 219
372 90 210
372 111 197
372 122 197
372 143 187
372 166 181
372 175 218
372 196 204
372 202 204
372 206 193
372 266 180
372 277 189
372 307 189
372 345 216
372 350 202
372 353 198
372 364 211
372 368 205
372 387 188
373 18 199
373 39 195
373 73 200
373 88 187
373 95 204
373 102 201
373 130 187
373 132 181
373 139 184
373 148 204
373 160 216
373 203 185
373 204 198
373 208 192
373 230 206
373 273 186
373 297 203
373 307 196
373 359 190
373 360 220
373 367 192
374 57 186
374 70 182
374 108 181
374 119 182
374 121 219
374 126 206
374 152 197
374 163 216
374 175 214
374 194 198
374 218 185
374 257 182
374 326 187
374 329 214
374 347 213
374 373 181
374 375 218
374 378 195
374 383 190
375 28 185
375 49 211
375 68 186
375 72 191
375 97 185
375 111 180
375 196 181
375 242 201
375 255 181
375 264 205
375 283 215
375 331 201
375 340 188
375 358 188
376 16 198
376 17 197
376 29 201
376 102 187
376 105 182
376 112 215
376 117 187
376 139 220
376 140 187
376 145 183
376 206 181
376 268 192
376 280 187
376 353 207
376 379 181
376 383 214
377 1 186
377 28 196
377 38 191
377 43 206
377 57 198
377 92 212
377 109 203
377 114 187
377 132 218
377 156 215
377 183 182
377 185 200
377 206 209
377 220 202
377 244 211
377 245 181
377 249 200
377 277 187
377 299 209
377 336 217
377 340 201
377 343 216
377 345 208
377 370 185
377 376 196
377 399 196
378 9 207
378 17 181
378 23 183
378 24 210
378 27 216
378 29 206
378 38 204
378 39 181
378 46 217
378 49 184
378 81 190
378 84 208
378 89 184
378 103 220
378 125 212
378 147 189
378 171 211
378 172 191
378 199 183
378 212 192
378 223 216
378 241 209
378 242 181
378 263 199
378 272 189
378 284 180
378 296 194
378 302 183
378 305 180
378 308 189
378 329 191
378 338 186
378 347 189
379 13 187
379 59 204
379 64 189
379 97 182
379 124 189
379 144 200
379 145 184
379 181 216
379 238 189
379 239 191
379 240 203
379 247 200
379 251 203
379 267 184
379 278 189
379 279 218
379 311 180
379 329 191
379 352 185
380 37 220
380 55 211
380 64 198
380 73 214
380 80 188
380 115 209
380 122 205
380 123 219
380 146 218
380 162 180
380 176 195
380 184 190
380 190 205
380 201 211
380 205 181
380 211 189
380 217 213
380 221 189
380 255 183
380 263 193
380 293 182
380 296 199
380 309 215
380 318 195
380 322 185
380 394 214
381 0 204
381 15 209
381 26 202
381 36 183
381 63 202
381 74 204
381 101 211
381 128 199
381 133 209
381 184 204
381 191 184
381 207 187
381 218 182
381 270 193
381 277 200
381 305 186
381 348 184
381 354 198
381 376 210
381 377 218
382 6 218
382 13 197
382 27 217
382 46 203
382 106 200
382 155 200
382 181 220
382 188 219
382 201 201
382 231 207
382 248 182
382 255 213
382 277 219
382 279 183
382 283 198
382 290 204
382 306 210
382 321 193
382 333 210
382 344 215
382 358 192
382 362 217
382 363 209
382 391 208
382 396 187
383 28 198
383 33 185
383 41 214
383 51 192
383 62 198
383 65 196
383 72 192
383 74 190
383 75 209
383 86 214
383 97 196
383 101 197
383 127 181
383 130 199
383 139 190
383 169 181
383 192 188
383 197 195
383 224 217
383 253 207
383 261 218
383 282 214
383 293 217
383 294 202
383 310 206
383 311 183
383 327 217
383 369 214
383 382 193
384 99 194
384 195 202
384 229 219
384 282 195
384 299 184
384 302 196
384 317 201
384 337 182
384 346 199
384 365 182
384 374 190
384 380 207
384 397 209
384 398 205
385 0 188
385 18 216
385 30 194
385 56 200
385 72 211
385 79 208
385 136 207
385 145 187
385 153 195
385 175 203
385 194 217
385 195 197
385 207 184
385 209 218
385 216 185
385 219 184
385 230 187
385 233 218
385 275 194
385 284 185
385 350 208
385 359 215
385 374 191
385 380 188
385 395 201
385 400 180
386 6 182
386 36 215
386 39 196
386 48 189
386 64 204
386 98 213
386 113 188
386 114 194
386 133 187
386 164 212
386 171 196
386 253 190
386 257 184
386 259 208
386 298 208
386 304 187
386 324 200
386 327 219
386 364 185
386 375 205
387 45 207
387 51 215
387 57 212
387 68 194
387 89 206
387 149 192
387 155 216
387 157 210
387 180 200
387 186 187
387 201 207
387 213 194
387 237 204
387 280 211
387 282 219
387 304 196
387 311 186
387 332 202
387 334 185
387 339 202
387 382 183
387 388 189
387 394 213
387 396 196
388 33 218
388 58 216
388 63 212
388 69 220
388 98 215
388 104 186
388 179 209
388 182 193
388 187 181
388 201 218
388 211 209
388 281 211
388 334 208
388 344 204
388 351 205
388 353 217
388 354 190
388 374 195
388 385 211
388 391 201
389 14 191
389 17 212
389 39 196
389 87 213
389 108 207
389 129 219
389 143 215
389 155 202
389 168 205
389 192 182
389 195 190
389 210 210
389 230 215
389 235 218
389 276 215
389 314 186
389 334 197
389 352 211
389 376 187
390 14 212
390 82 203
390 92 204
390 111 209
390 121 211
390 123 210
390 150 214
390 162 210
390 168 220
390 193 182
390 199 213
390 201 190
390 247 194
390 257 189
390 283 201
390 303 213
390 307 190
390 320 205
390 330 214
390 376 205
391 3 212
391 8 195
391 24 198
391 31 216
391 41 200
391 63 207
391 93 219
391 95 207
391 100 187
391 115 197
391 124 214
391 164 192
391 175 206
391 204 218
391 241 198
391 262 218
391 291 214
391 294 210
391 301 195
391 322 198
391 348 215
391 360 203
391 377 196
391 379 190
391 387 220
391 389 191
392 2 208
392 28 195
392 72 208
392 104 214
392 118 209
392 120 181
392 166 191
392 182 180
392 223 189
392 229 196
392 233 207
392 303 209
392 337 187
392 355 181
392 374 219
392 377 189
392 383 214
392 397 214
393 57 203
393 69 216
393 80 220
393 113 208
393 129 202
393 164 201
393 181 212
393 208 191
393 283 207
393 350 208
393 356 207
393 367 200
393 369 183
393 375 202
394 5 220
394 56 206
394 59 181
394 72 210
394 73 198
394 86 218
394 88 190
394 110 183
394 113 180
394 121 200
394 145 195
394 172 180
394 189 219
394 227 190
394 230 212
394 270 204
394 285 181
394 305 217
394 306 212
394 324 190
394 328 217
394 358 207
394 362 189
394 387 194
395 58 192
395 176 214
395 179 195
395 198 182
395 208 191
395 231 207
395 242 210
395 243 194
395 249 213
395 258 209
395 268 189
395 270 204
395 298 212
395 305 201
395 328 207
396 4 183
396 6 210
396 31 214
396 62 186
396 66 188
396 95 199
396 98 186
396 109 200
396 112 201
396 130 200
396 175 213
396 208 200
396 220 188
396 249 199
396 252 212
396 337 208
396 359 199
396 361 202
396 363 220
396 364 202
396 366 207
397 25 205
397 64 198
397 96 191
397 129 211
397 151 212
397 166 211
397 178 218
397 185 203
397 191 197
397 206 205
397 234 201
397 236 204
397 239 180
397 282 204
397 310 210
397 320 213
397 323 198
397 362 191
397 375 210
397 381 198
398 10 192
398 41 206
398 42 204
398 73 202
398 90 181
398 91 193
398 130 219
398 157 191
398 165 191
398 209 201
398 252 207
398 261 199
398 280 185
398 290 216
398 322 186
398 333 198
398 339 200
398 340 196
398 344 203
398 386 184
398 395 195
399 8 199
399 16 195
399 17 219
399 46 218
399 47 215
399 54 180
399 58 219
399 61 188
399 74 188
399 110 211
399 112 190
399 171 216
399 237 188
399 239 193
399 250 201
399 257 187
399 268 218
399 270 181
399 283 182
399 303 188
399 395 181
400 40 196
400 60 215
400 76 215
400 97 193
400 162 181
400 210 188
400 240 215
400 281 200
400 300 219
400 311 197
400 314 185
400 317 203
400 327 206
400 332 212
400 363 182
400 391 203
